Year,CODE,True_Value_Log,Fitted_Value_Log,Residual_Log,True_Value_Original,Fitted_Value_Original,Residual_Original,Standardized_Residual,Absolute_Error_Log,Absolute_Error_Original,Squared_Error_Log,Squared_Error_Original,Leverage,Cooks_Distance,Relative_Error_Original,Percentage_Error_Original
2001,140121,8.583602268098437,8.582032140046673,0.0015701280517639304,5343.318966,5334.935854003857,8.38311199614327,0.009738368219160708,0.0015701280517639304,8.38311199614327,2.4653020989359957e-06,70.2765667398812,0.05460911325641697,1.1670970441678123e-07,0.001568896045601196,0.1568896045601196
2002,140121,8.788520778860436,8.618211917754893,0.17030886110554277,6558.523490000002,5531.486792342187,1027.0366976578152,1.056302636315827,0.17030886110554277,1027.0366976578152,0.02900510817106706,1054804.3783358706,0.04972634213780864,0.0012375368632616221,0.1565957184149408,15.65957184149408
2003,140121,8.694572085519583,8.603613830972723,0.09095825454686057,5970.417192999998,5451.324201915599,519.0929910843997,0.5641482389632863,0.09095825454686057,519.0929910843997,0.008273404070211482,269457.5333929487,0.05149833120633096,0.0003669405564956966,0.0869441739671072,8.69441739671072
2004,140121,8.703238331561066,8.615817796743988,0.08742053481707757,6022.383147000004,5518.259583678178,504.1235633218257,0.5422063232411178,0.08742053481707757,504.1235633218257,0.007642349907703871,254140.5670962948,0.04823163015398068,0.00031527595179250945,0.08370831795598231,8.370831795598232
2005,140121,8.67266036953635,8.624942406926722,0.04771796260962802,5841.017964,5568.841972606208,272.17599139379126,0.2959599951345673,0.04771796260962802,272.17599139379126,0.0022770039556138577,74079.77029119314,0.048540207361478814,9.459736817762401e-05,0.04659735564439214,4.659735564439214
2006,140121,8.750503499112416,8.64584931582885,0.10465418328356613,6313.866333999998,5686.494837822381,627.3714961776168,0.6490941750553041,0.10465418328356613,627.3714961776168,0.01095249807875025,393594.99421614147,0.048358046355033435,0.0004531367603019748,0.09936407630285717,9.936407630285716
2007,140121,8.781671671661352,8.631385649250014,0.15028602241133804,6513.756939999996,5604.8392158398965,908.9177241600992,0.9321154556728424,0.15028602241133804,908.9177241600992,0.0225858885322212,826131.4292923742,0.04739154333045091,0.0009139105472475506,0.13953817014242165,13.953817014242166
2008,140121,8.794653196148232,8.605291469220276,0.18936172692795594,6598.866667000001,5460.477227482689,1138.389439517312,1.1744737770711786,0.18936172692795594,1138.389439517312,0.03585786362513776,1295930.5160045398,0.047135859643891234,0.001442342494481358,0.17251287182543582,17.25128718254358
2009,140121,8.693328369300676,8.63653719149573,0.05679117780494636,5962.996303999998,5633.787281412555,329.20902258744354,0.35223458395197593,0.05679117780494636,329.20902258744354,0.003225237876473032,108378.58055297991,0.06032209828711736,0.00017071618073008445,0.05520865782972379,5.520865782972379
2010,140121,8.744226813942696,8.64743731534829,0.096789498594406,6274.360295999996,5695.532162626715,578.8281333732812,0.600315226520123,0.096789498594406,578.8281333732812,0.009368207038156521,335042.00798439694,0.04845864791893885,0.00038847847619458245,0.09225293194308481,9.225293194308481
2011,140121,8.65196971731549,8.616481865620344,0.03548785169514623,5721.405192999997,5521.925305130402,199.47988786959468,0.22010546638285317,0.03548785169514623,199.47988786959468,0.0012593876179366934,39792.22566446607,0.047717163730472946,5.1344821624369664e-05,0.034865541093585466,3.4865541093585466
2012,140121,8.656450658739164,8.661388572466464,-0.004937913727300014,5747.099999999995,5775.548865197472,-28.448865197477062,-0.030626305960761085,0.004937913727300014,28.448865197477062,2.4382991978257916e-05,809.3379310242216,0.04902032165144478,1.0240359458373182e-06,-0.004950125314937462,-0.4950125314937462
2013,140121,8.67738842321847,8.66794118061507,0.009447242603400241,5868.700000000005,5813.518036448979,55.181963551026456,0.05859441019749791,0.009447242603400241,55.181963551026456,8.925039280750056e-05,3045.049101346812,0.047015903214146,3.579959681792468e-06,0.009402757604073544,0.9402757604073544
2014,140121,8.76153447484656,8.625277074208157,0.13625740063840297,6383.900000000001,5570.705993705956,813.1940062940448,0.8451060654013303,0.13625740063840297,813.1940062940448,0.018566079228734256,661284.491872559,0.04968806191937397,0.0007914699108917751,0.1273820088494564,12.738200884945641
2015,140121,8.56537364594099,8.61393248890046,-0.04855884295946922,5246.8,5507.86576645365,-261.0657664536502,-0.3011753675150624,0.04855884295946922,261.0657664536502,0.002357961229562393,68155.33441403184,0.050645665225055404,0.00010266367033221074,-0.04975714081986167,-4.975714081986167
2016,140121,8.528845044156686,8.690214900740193,-0.1613698565835069,5058.600000000005,5944.459574218011,-885.859574218006,-1.000860459194966,0.1613698565835069,885.859574218006,0.026040230613781582,784747.1852337068,0.051262611454344964,0.0011490741189882346,-0.17511951413790477,-17.511951413790477
2017,140121,8.563122123304638,8.655258121680939,-0.09213599837630149,5235.000000000002,5740.250455252394,-505.2504552523924,-0.5714529317659243,0.09213599837630149,505.2504552523924,0.00848904219679783,255278.02253274975,0.04687245046266539,0.0003393663893888723,-0.09651393605585333,-9.651393605585334
2018,140121,8.70201162840878,8.712195405341948,-0.010183776933168076,6015.000000000004,6076.568385504742,-61.56838550473822,-0.06316259971635527,0.010183776933168076,61.56838550473822,0.00010370931262452618,3790.666093660059,0.05278690947526629,4.727626205445823e-06,-0.010235808063963122,-1.023580806396312
2019,140121,8.415891095885913,8.635652097644941,-0.21976100175902857,4518.300000000001,5628.8030570116925,-1110.5030570116915,-1.3630184830700747,0.21976100175902857,1110.5030570116915,0.04829489789413176,1233217.039632312,0.057174320986642366,0.0024067666496459085,-0.2457789560258706,-24.57789560258706
2020,140121,8.4416719133237,8.67381999265428,-0.2321480793305799,4636.299999999999,5847.795272265502,-1211.4952722655025,-1.439846562420389,0.2321480793305799,1211.4952722655025,0.05389273073687722,1467720.7947216642,0.04911133783368644,0.002268021350418401,-0.2613064884208319,-26.130648842083186
2021,140121,8.466468156591265,8.688148374711561,-0.22168021812029615,4752.7,5932.187878038747,-1179.487878038747,-1.3749219934858428,0.22168021812029615,1179.487878038747,0.049142119105862074,1391191.6544403464,0.04888312454199095,0.0020574987753388713,-0.24817217119505694,-24.817217119505695
2022,140121,8.506152466299257,8.6924276235981,-0.1862751572988426,4945.099999999998,5957.627578995667,-1012.5275789956695,-1.1553300189881255,0.1862751572988426,1012.5275789956695,0.03469843422670855,1025212.0982268318,0.048905297253746614,0.001453492439803618,-0.20475371155197467,-20.475371155197468
2001,140924,7.1553298094441615,7.841206715962297,-0.6858769065181356,1280.9148259999997,2543.2719897681386,-1262.357163768139,-4.253998176256207,0.6858769065181356,1262.357163768139,0.4704271308948873,1593545.60891674,0.09564699205743477,0.04262675029719541,-0.9855121809388279,-98.55121809388278
2002,140924,7.475976788389416,7.882761026166684,-0.40678423777726813,1765.1250000000002,2651.182447773618,-886.0574477736179,-2.5229882930728387,0.40678423777726813,886.0574477736179,0.16547341610403302,785097.8007550976,0.09274713780413274,0.014446630901694284,-0.5019800001550133,-50.19800001550133
2003,140924,8.197063118095906,7.847358403757774,0.34970471433813266,3630.2729529999997,2558.9656267141017,1071.307326285898,2.1689653097881036,0.34970471433813266,1071.307326285898,0.12229338723031496,1147699.3873538394,0.09348046835380121,0.010778641922452828,0.2951037952671263,29.510379526712633
2004,140924,8.266304049231236,7.856265853719406,0.41003819551182996,3890.543131000002,2581.861304656926,1308.681826343076,2.543170238458216,0.41003819551182996,1308.681826343076,0.1681313217785977,1712648.1226006488,0.09320832185242166,0.014766677382846587,0.3363750978405681,33.63750978405681
2005,140924,8.068372928356892,7.873892593487323,0.19448033486956895,3191.9041449999986,2627.774563753844,564.1295812461544,1.2062207984997482,0.19448033486956895,564.1295812461544,0.03782260065097968,318242.18443696154,0.09118655375050994,0.003235394360235005,0.17673763234082165,17.673763234082166
2006,140924,8.152542755049517,7.891579474358722,0.26096328069079444,3472.1967959999997,2674.6651511610044,797.5316448389954,1.6185664068558672,0.26096328069079444,797.5316448389954,0.06810183386890237,636056.7245195934,0.09250021566936091,0.005926564475223989,0.22969079568236414,22.969079568236413
2007,140924,8.048242418602602,7.906036295707722,0.14220612289487988,3128.291909000002,2713.6131612907866,414.67874770921526,0.8820016852853311,0.14220612289487988,414.67874770921526,0.02022258138879368,171958.46380168298,0.0921182028735215,0.0017511282473232487,0.1325575616892391,13.25575616892391
2008,140924,8.017675723436485,7.873511490775679,0.14416423266080525,3034.1170040000025,2626.7733025458087,407.3437014541937,0.8941464233483783,0.14416423266080525,407.3437014541937,0.020783325978678786,165928.8911144033,0.0928039474188475,0.001815823855259328,0.13425444731273567,13.425444731273567
2009,140924,7.768579940853174,7.887285376884397,-0.11870543603122297,2365.1103059999996,2663.204502472529,-298.09419647252935,-0.7362439288880884,0.11870543603122297,298.09419647252935,0.014090980543362767,88860.14997060293,0.0935689202532281,0.0012433625404259787,-0.12603817915650714,-12.603817915650714
2010,140924,7.859256291039773,7.9200970465509055,-0.06084075551113255,2589.5937550000012,2752.0381085774447,-162.4443535774435,-0.37735118434048653,0.06084075551113255,162.4443535774435,0.0037015975311654055,26388.168009193483,0.09434592786644477,0.00032989990514846235,-0.06272966686909678,-6.272966686909679
2011,140924,7.6742114335103215,7.903560978637728,-0.22934954512740635,2152.1259219999997,2706.904414874028,-554.7784928740284,-1.4224892796727797,0.22934954512740635,554.7784928740284,0.0526012138501482,307779.1761555784,0.09198808268960579,0.004547144530332516,-0.2577816136141631,-25.77816136141631
2001,150105,8.49446994612845,8.382305007609823,0.11216493851862808,4887.664915999998,4369.068063688661,518.596852311337,0.6956779552768291,0.11216493851862808,518.596852311337,0.012580973432887617,268942.69522722665,0.05818227053090765,0.0006393898083865716,0.1061031926746218,10.610319267462181
2002,150105,8.697717720856629,8.408851361741212,0.288866359115417,5989.227518,4486.604065588301,1502.623452411699,1.7916290126999084,0.288866359115417,1502.623452411699,0.08344377342859707,2257877.239737653,0.054670917310879155,0.003955294089485134,0.25088768925470284,25.088768925470283
2003,150105,8.687631192463057,8.398028992617927,0.28960219984512925,5929.120649000004,4438.3101787774085,1490.8104702225955,1.7961929003194836,0.28960219984512925,1490.8104702225955,0.08386943415513817,2222515.8581253164,0.05664086488375172,0.0041359377422282234,0.25143871384604616,25.143871384604616
2004,150105,8.866165649990677,8.38681439051708,0.4793512594735976,7088.050733999997,4388.8143528641895,2699.2363811358073,2.9730690218724862,0.4793512594735976,2699.2363811358073,0.22977762995892428,7285877.041247129,0.05125114026773587,0.010136855745932536,0.3808150480904569,38.08150480904569
2005,150105,8.719404402111604,8.410697770799992,0.3087066313116118,6120.532625999998,4494.895824611943,1625.6368013880556,1.9146838654540266,0.3087066313116118,1625.6368013880556,0.09529978421576342,2642695.0100271883,0.05599973277876898,0.004640108754982608,0.2656038127274017,26.56038127274017
2006,150105,8.858641715753823,8.404021764987146,0.45461995076667705,7034.920830000003,4464.987818052397,2569.9330119476053,2.8196786086134162,0.45461995076667705,2569.9330119476053,0.20667929963509588,6604555.685898091,0.051454250167054516,0.009157906228100844,0.36531086476315106,36.5310864763151
2007,150105,8.476371196895983,8.395351526859727,0.08101967003625532,4800.000000000001,4426.442649790392,373.55735020960856,0.5025063904320222,0.08101967003625532,373.55735020960856,0.0065641869327836885,139545.09389562413,0.0540180517790812,0.0003070072851878327,0.07782444796033511,7.782444796033511
2008,150105,8.513857591683735,8.393826603101592,0.12003098858214223,4983.3497860000025,4419.697806222841,563.6519797771616,0.7444653722411942,0.12003098858214223,563.6519797771616,0.014407438220006358,317703.5543067138,0.05348522909157562,0.0006664389278330828,0.11310704726380236,11.310704726380235
2009,150105,8.652307344838789,8.385077071765714,0.2672302730730749,5723.3372229999995,4381.196202886242,1342.1410201137578,1.6574360260418686,0.2672302730730749,1342.1410201137578,0.07141201884671018,1801342.5178719985,0.04945359824298605,0.003028426830187344,0.23450322212715055,23.450322212715054
2010,150105,8.611394853405288,8.424307028466018,0.18708782493927067,5493.906529999997,4556.4861689011905,937.4203610988061,1.1603704083457924,0.18708782493927067,937.4203610988061,0.03500185424050719,878756.9334026161,0.050062654878216,0.0015045600573043555,0.17062910626162522,17.062910626162523
2011,150105,8.415089881078755,8.377426883795607,0.0376629972831477,4514.681321000001,4347.807107669809,166.8742133301921,0.2335963206112355,0.0376629972831477,166.8742133301921,0.0014185013643503912,27847.003074570464,0.05921843582672145,7.353661173514791e-05,0.03696256755797539,3.696256755797539
2012,150105,7.899139656160304,8.430029259110558,-0.5308896029502543,2694.9627359999995,4582.634174799638,-1887.671438799638,-3.2927240752405305,0.5308896029502543,1887.671438799638,0.2818437705206787,3563303.4608598957,0.050052988264940104,0.012112511753465918,-0.7004443562738889,-70.04443562738889
2013,150105,8.113819018478734,8.439977697295221,-0.32615867881648697,3340.310409000001,4628.451756414479,-1288.1413474144779,-2.0229262884779495,0.32615867881648697,1288.1413474144779,0.1063794837673163,1659308.1309187866,0.051377507296619024,0.0047058555756401,-0.3856352223864466,-38.56352223864466
2014,150105,7.749876087245156,8.397656116457314,-0.647780029212158,2321.284759999999,4436.655547223838,-2115.3707872238388,-4.017710811802714,0.647780029212158,2115.3707872238388,0.41961896624610434,4474793.567440003,0.05031839346077018,0.018139292551379617,-0.9112931009911251,-91.12931009911252
2015,150105,7.835913909525314,8.39331718427794,-0.5574032747526259,2529.846504,4417.446902340577,-1887.6003983405772,-3.4571691971294123,0.5574032747526259,1887.6003983405772,0.3106984107049513,3563035.2638155054,0.0520472650169088,0.013943060097341553,-0.7461323820856512,-74.61323820856512
2016,150105,7.723378881343922,8.437545670452092,-0.7141667891081704,2260.584939000001,4617.2089144889815,-2356.6239754889802,-4.429459848461274,0.7141667891081704,2356.6239754889802,0.510034202665074,5553676.561849486,0.049880425223133136,0.021835716073605363,-1.042484153031411,-104.2484153031411
2018,150105,8.044479362655368,8.490204942582947,-0.4457255799275792,3116.5420930000028,4866.863398608803,-1750.3213056088007,-2.7645132619325565,0.4457255799275792,1750.3213056088007,0.19867129260177682,3063624.6728680967,0.05708384753603045,0.0098831804827567,-0.5616228670680108,-56.162286706801076
2019,150105,8.569478334169533,8.42407320203317,0.14540513213636252,5268.380738999998,4555.420866546778,712.9598724532207,0.9018428249268129,0.14540513213636252,712.9598724532207,0.021142652451593046,508311.7797285127,0.05273261287677077,0.0009626936628491156,0.13532808423951323,13.532808423951323
2020,150105,8.609860213518488,8.443065908025742,0.1667943054927452,5485.481827999997,4642.7674844092635,842.7143435907337,1.0345043908506306,0.1667943054927452,842.7143435907337,0.027820340344807216,710167.4648935612,0.053308686147903156,0.0012821479880193993,0.15362631214804093,15.362631214804093
2021,150105,8.524758331050204,8.42192513396429,0.10283319708591421,5037.969138000003,4545.6460147251655,492.3231232748376,0.6377999152687717,0.10283319708591421,492.3231232748376,0.010574666422910474,242382.05771109095,0.054148572124544894,0.0004959094223865078,0.09772253655969841,9.772253655969841
2022,150105,8.628241249318457,8.447493022208588,0.18074822710986815,5587.243038999995,4663.367110991738,923.8759280082577,1.1210504701058788,0.18074822710986815,923.8759280082577,0.03266992160336048,853546.7303531193,0.052139805948219986,0.0014690056111239967,0.16535452665284683,16.535452665284684
2001,150121,8.792131200762517,8.912548989441557,-0.12041778867904007,6582.245324000003,7424.562129258799,-842.3168052587962,-0.7468644133681689,0.12041778867904007,842.3168052587962,0.014500443830349952,709497.6004213848,0.05911489937104006,0.0007502389189053449,-0.12796800541413486,-12.796800541413486
2002,150121,8.896196979449389,8.931909587951084,-0.03571260850169544,7304.142847000003,7569.706603989124,-265.56375698912143,-0.22149947022825925,0.03571260850169544,265.56375698912143,0.0012753904059953696,70524.10902617715,0.05651169192987794,6.273399322506644e-05,-0.036357963220584495,-3.6357963220584497
2003,150121,8.890246701316574,8.922867344167287,-0.032620642850712755,7260.810214000003,7501.567998706792,-240.7577847067896,-0.20232224452591027,0.032620642850712755,240.7577847067896,0.001064106339993757,57964.310896920855,0.059503427433677064,5.5463478109548846e-05,-0.03315852881577459,-3.3158528815774595
2004,150121,9.29828187692932,8.904726321301132,0.393555555628188,10919.242480000008,7366.708822267642,3552.533657732366,2.440940349481707,0.393555555628188,3552.533657732366,0.15488597536581178,12620495.389321303,0.05720076592718897,0.007722715202463697,0.325346164281935,32.5346164281935
2006,150121,8.964813903464176,8.923890504861815,0.04092339860236116,7822.9257739999985,7509.247236107411,313.6785378925879,0.2538182308898704,0.04092339860236116,313.6785378925879,0.0016747245531677354,98394.22513443169,0.05317411442032386,7.696582519853952e-05,0.04009734298325044,4.009734298325044
2007,150121,8.937816590068834,8.929295212189663,0.00852137787917151,7614.553200999995,7549.942393316545,64.61080768344982,0.05285194123419154,0.00852137787917151,64.61080768344982,7.261388095963355e-05,4174.556469507738,0.05222431901849531,3.2709645320763975e-06,0.0084851738477531,0.84851738477531
2008,150121,8.93423499939943,8.922693680311811,0.011541319087619684,7587.329769000005,7500.265360599876,87.06440840012965,0.07158245143369162,0.011541319087619684,87.06440840012965,0.00013320204628225444,7580.211210064566,0.05249857335570504,6.0352209655290195e-06,0.011474973548118834,1.1474973548118834
2009,150121,8.958919012992679,8.925919280599944,0.032999732392735126,7776.9461390000015,7524.497278939412,252.44886006058914,0.20467346266006148,0.032999732392735126,252.44886006058914,0.001088982337992132,63730.42694589092,0.050595528331563,4.736144538423348e-05,0.032461181490585744,3.2461181490585744
2010,150121,8.96793793132851,8.934360753093467,0.0335771782350438,7847.403025999996,7588.283963741825,259.11906225817165,0.20825494140168885,0.0335771782350438,259.11906225817165,0.0011274268982278993,67142.68842555424,0.05161565401182845,5.012975649376987e-05,0.033019721479788794,3.3019721479788795
2011,150121,8.92308766866561,8.888811174126525,0.034276494539085434,7503.220959999997,7250.394601252326,252.8263587476713,0.2125922944365379,0.034276494539085434,252.8263587476713,0.0011748780778879535,63921.16767760619,0.06086711318959183,6.282260327747519e-05,0.03369571016174251,3.3695710161742514
2012,150121,8.949320916397731,8.941482941123985,0.007837975273746522,7702.659335000001,7642.522066672977,60.137268327023776,0.048613289357304405,0.007837975273746522,60.137268327023776,6.143385639186188e-05,3616.491041836457,0.05457501765764351,2.9063106749393612e-06,0.007807338441383084,0.7807338441383084
2013,150121,9.075220741741191,8.973935534202786,0.10128520753840498,8736.113950999998,7894.610055945711,841.5038950542867,0.6281988561729093,0.10128520753840498,841.5038950542867,0.010258693266097768,708128.8053915359,0.051148455180397276,0.00045156736766987235,0.09632473886835716,9.632473886835715
2014,150121,8.99381233605538,8.938954751308303,0.054857584747075805,8053.099569999999,7623.224724168927,429.874845831072,0.3402419052896196,0.054857584747075805,429.874845831072,0.003009354604282604,184792.3830782879,0.05143916197319125,0.00013330038113947912,0.05338004852597048,5.338004852597048
2015,150121,8.982462580686766,8.950526234837355,0.031936345849411296,7962.215591000001,7711.949089762299,250.26650123770196,0.1980780453585528,0.031936345849411296,250.26650123770196,0.00101993018621321,62633.321641760675,0.05255080496235752,4.6262860072619e-05,0.03143176649481682,3.1431766494816817
2016,150121,8.936103242908676,8.989140060002406,-0.05303681709373009,7601.517998000003,8015.561029228779,-414.0430312287763,-0.3289490009752882,0.05303681709373009,414.0430312287763,0.0028129039674337805,171431.6317091134,0.0531609651274365,0.00012923792501526112,-0.05446846686907971,-5.446846686907971
2018,150121,8.865642916537405,9.046358523591316,-0.18071560705391043,7084.346540999995,8487.574280585583,-1403.2277395855872,-1.1208481515014255,0.18071560705391043,1403.2277395855872,0.03265813063286336,1969048.0891424764,0.06344440449063057,0.001830256861161355,-0.1980744069286472,-19.80744069286472
2019,150121,8.878467072593029,8.969053771416624,-0.0905866988235946,7175.782347000002,7856.164360098835,-680.3820130988324,-0.5618437476556916,0.0905866988235946,680.3820130988324,0.008205950003756636,462919.6837484198,0.052235327194934865,0.000369731689168983,-0.09481642282298063,-9.481642282298063
2020,150121,8.870235877947692,8.96832913372343,-0.09809325577573702,7116.959508999998,7850.473549416561,-733.5140404165622,-0.6084014889659872,0.09809325577573702,733.5140404165622,0.009622286828684164,538042.8474882301,0.05385634973272598,0.00044853421471903747,-0.10306564755482613,-10.306564755482613
2021,150121,8.885615030508724,8.970368695394109,-0.08475366488538505,7227.258291999995,7866.501413717406,-639.2431217174108,-0.5256656587021632,0.08475366488538505,639.2431217174108,0.007183183711504151,408631.76866302046,0.055254813181702236,0.0003445499846286964,-0.08844891048449209,-8.84489104844921
2022,150121,8.923639264887179,8.979014350993623,-0.05537508610644437,7507.360849999996,7934.80732493203,-427.4464749320332,-0.34345159177715523,0.05537508610644437,427.4464749320332,0.0030664001612961283,182710.48893182128,0.05583080447151946,0.00014879816756652173,-0.056936982712378,-5.6936982712378
2001,150122,8.64078913083042,8.79665381881234,-0.15586468798191966,5657.7928020000045,6612.081723974909,-954.288921974905,-0.9667158816934114,0.15586468798191966,954.288921974905,0.02429380095970117,910667.3466040263,0.062466388923865586,0.001337712235254902,-0.16866805755728065,-16.866805755728066
2002,150122,8.739082550640251,8.80789490903264,-0.06881235839238897,6242.1662129999995,6686.828059236879,-444.6618462368797,-0.4267932690592361,0.06881235839238897,444.6618462368797,0.0047351406675225855,197724.15749879042,0.05467638314311218,0.00022447406419017185,-0.07123518199672774,-7.123518199672773
2003,150122,8.809635336226329,8.800799256079054,0.008836080147274217,6698.476129999997,6639.548585706126,58.927544293871506,0.0548038116964422,0.008836080147274217,58.927544293871506,7.807631236905355e-05,3472.4554765061885,0.05695731463591007,3.874365768709095e-06,0.008797156718967292,0.8797156718967293
2004,150122,8.90365749521024,8.780104433684658,0.12355306152558221,7358.839298000002,6503.556328233672,855.2829697663301,0.7663102422691063,0.12355306152558221,855.2829697663301,0.015265359012344302,731508.9583723132,0.05323433102256895,0.0007024385580680759,0.11622525443635934,11.622525443635933
2005,150122,8.8686372930825,8.792561415532159,0.07607587755034118,7105.591533999996,6585.077712379765,520.5138216202304,0.47184362278522746,0.07607587755034118,520.5138216202304,0.005787539145054504,270934.638497697,0.05596125999755254,0.0002815764406894482,0.07325411531602834,7.325411531602834
2006,150122,8.860780643179664,8.811303787045786,0.049476856133878755,7049.984119000004,6709.661536543804,340.3225824562005,0.3068691389959281,0.049476856133878755,340.3225824562005,0.0024479592928925357,115819.4601296574,0.05040467396853076,0.00010602111985681136,0.048272815471884084,4.8272815471884085
2007,150122,8.819793795717137,8.815511180332246,0.004282615384891386,6766.869124000007,6737.9511925691795,28.917931430827593,0.02656196449217089,0.004282615384891386,28.917931430827593,1.8340794534908397e-05,836.2467582380465,0.05111475329986025,8.067362061508198e-07,0.004273458064714828,0.4273458064714828
2008,150122,8.796759385290414,8.79444089709963,0.0023184881907845067,6612.779774999997,6597.465882582605,15.313892417391799,0.014379904676099568,0.0023184881907845067,15.313892417391799,5.375387490807215e-06,234.51530097145002,0.05020309228028263,2.3177856220186892e-07,0.0023158025729643787,0.23158025729643786
2009,150122,8.91957011037313,8.794178947224278,0.12539116314885135,7476.874308000005,6595.737903548852,881.1364044511529,0.7777106566566604,0.12539116314885135,881.1364044511529,0.015722943795821856,776401.3632491056,0.04943873896706213,0.0006665543185648995,0.11784823017666173,11.784823017666172
2010,150122,8.938902098297229,8.830210733622247,0.10869136467498208,7622.823348999999,6837.727602912194,785.0957460878053,0.6741338900728046,0.10869136467498208,785.0957460878053,0.011813812754909944,616375.3305251676,0.054772411599474845,0.0005611431821655893,0.10299277710414188,10.299277710414188
2011,150122,8.962144706865036,8.809341888629865,0.1528028182351715,7802.072690000004,6696.510766659355,1105.5619233406487,0.9477253191087586,0.1528028182351715,1105.5619233406487,0.02334870126061086,1222267.1663406745,0.051365371065482196,0.001032594321544881,0.1417010539721911,14.17010539721911
2012,150122,8.954944980696084,8.833881252065405,0.12106372863067882,7746.101633,6862.871725941693,883.2299070583076,0.7508707115101951,0.12106372863067882,883.2299070583076,0.014656426389962644,780095.0687222267,0.04927403154809645,0.0006190560860087253,0.11402250433890061,11.402250433890062
2013,150122,9.098617172195302,8.86482860966787,0.23378856252743319,8942.917633999994,7078.580057107853,1864.3375768921414,1.4500212926981877,0.23378856252743319,1864.3375768921414,0.05465709196864354,3475754.6006120616,0.05416560584685393,0.002564096958635934,0.20847084287169704,20.847084287169704
2014,150122,8.890450509451927,8.820124758321105,0.07032575113082196,7262.290176999998,6769.109075275604,493.18110172439447,0.4361797491813556,0.07032575113082196,493.18110172439447,0.004945711272114305,243227.59909808752,0.04836994464931438,0.00020467395029870097,0.0679098589707034,6.79098589707034
2015,150122,8.887810930635638,8.809740300804048,0.07807062983158986,7243.146067,6699.179269620076,543.9667973799233,0.48421562785767175,0.07807062983158986,543.9667973799233,0.006095023242301128,295899.8766517705,0.04999960778812981,0.0002616308286530715,0.07510090123106215,7.510090123106215
2016,150122,8.711766101955703,8.795942372697732,-0.08417627074202905,6073.960253999999,6607.379257097165,-533.4190030971658,-0.5220845006117318,0.08417627074202905,533.4190030971658,0.007085644556035375,284535.8328651742,0.05603831007806409,0.0003452631087884845,-0.08782062785904525,-8.782062785904525
2018,150122,8.588501621606671,8.841014179077762,-0.2525125574710909,5369.562009000001,6911.999091720892,-1542.4370827208904,-1.5661526853512866,0.2525125574710909,1542.4370827208904,0.063762591680591,2379112.154152531,0.05161554956068989,0.0028351248555105483,-0.2872556607290481,-28.72556607290481
2019,150122,8.561679458713515,8.768275135290587,-0.20659567657707179,5227.4530959999975,6427.077059673314,-1199.6239636733162,-1.2813634969032774,0.20659567657707179,1199.6239636733162,0.04268177358033805,1439097.654219278,0.06546488629325085,0.002478872273196929,-0.2294853615408349,-22.94853615408349
2020,150122,8.64898900128797,8.792670838190231,-0.14368183690226033,5704.376700000003,6585.798308510719,-881.4216085107155,-0.8911544715016522,0.14368183690226033,881.4216085107155,0.020644470255607738,776904.051949617,0.05923607854751971,0.0010705901868824333,-0.15451672546638004,-15.451672546638004
2021,150122,8.649317005767099,8.80851851278184,-0.15920150701474078,5706.248068000001,6690.999290747498,-984.7512227474972,-0.9874117557565553,0.15920150701474078,984.7512227474972,0.025345119835764558,969734.9707026909,0.0583570136815636,0.0012924369888238326,-0.17257420480365576,-17.257420480365575
2022,150122,8.719287383063138,8.803119485091704,-0.08383210202856617,6119.816448999995,6654.971744676868,-535.1552956768728,-0.5199498711097297,0.08383210202856617,535.1552956768728,0.007027821330527928,286391.1904910012,0.05928047961175388,0.00036475951606349433,-0.08744629845300662,-8.744629845300663
2001,150123,8.55176364152947,8.594550503039443,-0.04278686150997224,5175.874770000002,5402.140284668033,-226.26551466803085,-0.26537594297372086,0.04278686150997224,226.26551466803085,0.001830715517873544,51196.08312798888,0.061744125513856635,9.948748325788606e-05,-0.043715415214350475,-4.371541521435048
2002,150123,8.763069960902184,8.578837057659367,0.18423290324281716,6393.709919000001,5317.917496424334,1075.792422575667,1.1426633947772487,0.18423290324281716,1075.792422575667,0.03394176263727723,1157329.3364712223,0.0561623831741203,0.0016579822545768072,0.16825793415787696,16.825793415787697
2003,150123,8.972745162679693,8.55581227725582,0.41693288542387386,7885.218127999999,5196.872478864169,2688.3456491358293,2.5859330112428855,0.41693288542387386,2688.3456491358293,0.17383303094787714,7227202.329227543,0.05490808637757202,0.008279708336608028,0.34093484866191004,34.093484866191005
2004,150123,8.993634889872745,8.554062869012265,0.43957202086047964,8051.670704999995,5187.788975003827,2863.8817299961684,2.726347187524518,0.43957202086047964,2863.8817299961684,0.19322356152336595,8201818.563405846,0.061354381639545666,0.01042549955583701,0.35568788577229454,35.568788577229455
2005,150123,8.916870040896958,8.549913933195597,0.3669561077013608,7456.713457999998,5166.309760269115,2290.4036977308833,2.2759632203572218,0.3669561077013608,2290.4036977308833,0.1346567849793327,5245949.098579303,0.05242075420013818,0.006091089042555872,0.30715994528039753,30.715994528039754
2006,150123,8.677741115117641,8.56967566050371,0.10806545461393036,5870.770208000002,5269.420431834291,601.3497761657109,0.67025182284921,0.10806545461393036,601.3497761657109,0.011678142480915442,361621.55329455057,0.04913482410488622,0.000491722196602759,0.10243115551452882,10.243115551452881
2007,150123,8.495364564436008,8.551761587033639,-0.05639702259763091,4892.039467,5175.864136197783,-283.8246691977838,-0.34978992439696366,0.05639702259763091,283.8246691977838,0.0031806241578776913,80556.4428452314,0.052279967756979975,0.0001434438937262837,-0.05801765728023384,-5.801765728023384
2008,150123,8.697400188102964,8.559805738671967,0.1375944494309973,5987.326044000002,5217.667482980353,769.6585610196489,0.853398811623296,0.1375944494309973,769.6585610196489,0.018932232514219275,592374.3005508366,0.049556140531394316,0.0008047127627387725,0.12854796203907023,12.854796203907023
2009,150123,8.914212087419935,8.570024247021019,0.3441878403989165,7436.920176999997,5271.257600938444,2165.6625760615534,2.134748132546781,0.3441878403989165,2165.6625760615534,0.11846526947847,4690094.393353564,0.04971618446980666,0.005053318760453921,0.2912042249369909,29.12042249369909
2010,150123,8.715223940028574,8.562817797258623,0.15240614276995146,6094.999378999999,5233.407095542565,861.592283457434,0.9452650282175284,0.15240614276995146,861.592283457434,0.023227632354014826,742341.2629133952,0.05057345315073375,0.001009716218706994,0.14136052030226698,14.136052030226697
2011,150123,8.354694370892746,8.58480378202394,-0.23010941113119365,4250.085463999999,5349.742896594268,-1099.6574325942693,-1.4272021786836533,0.23010941113119365,1099.6574325942693,0.05295034109114471,1209246.4690598198,0.05520735561856298,0.0025373899928358415,-0.2587377223137811,-25.873772231378112
2012,150123,8.111017098418206,8.619105612187557,-0.5080885137693514,3330.9642259999982,5536.432460921923,-2205.4682349219247,-3.1513054170666943,0.5080885137693514,2205.4682349219247,0.25815393782434837,4864090.13524963,0.050137541705984716,0.011115138178783868,-0.6621110541227188,-66.21110541227188
2013,150123,8.457386054592876,8.64968428333281,-0.19229822873993463,4709.730914000002,5708.344229812803,-998.6133158128014,-1.1926867730680049,0.19229822873993463,998.6133158128014,0.03697860877651622,997228.5545186378,0.052077257415507394,0.0016605322274481922,-0.2120319258249668,-21.20319258249668
2014,150123,8.433069695608035,8.60909209878978,-0.17602240318174545,4596.588585999998,5481.269966417396,-884.681380417398,-1.0917396037091687,0.17602240318174545,884.681380417398,0.03098388642187695,782661.1448572329,0.04809683109238746,0.0012742696295185865,-0.1924647733564638,-19.246477335646382
2015,150123,8.39289807539116,8.611232744517418,-0.2183346691262571,4415.595898999999,5493.015991106438,-1077.4200921064394,-1.3541719737899374,0.2183346691262571,1077.4200921064394,0.047670027742472164,1160834.0548746483,0.04825162232342055,0.0019674674512454742,-0.24400332746718126,-24.400332746718124
2016,150123,8.12848282227268,8.65725877656134,-0.5287759542886601,3389.6529560000004,5751.7462110259385,-2362.093255025938,-3.2796146419497765,0.5287759542886601,2362.093255025938,0.2796040098338831,5579484.545439032,0.05201191087252249,0.01253819343845675,-0.6968540100380524,-69.68540100380524
2018,150123,8.423504661886064,8.693860944706191,-0.2703562828201278,4552.831663000004,5966.172894986719,-1413.3412319867157,-1.6768244026391064,0.2703562828201278,1413.3412319867157,0.07309251966031693,1997533.4380337272,0.05907825451937601,0.0037790975268259517,-0.31043125171366887,-31.043125171366885
2019,150123,8.560122684113296,8.622372631603042,-0.06224994748974666,5219.321461000003,5554.549671789734,-335.22821078973084,-0.38609138254522196,0.06224994748974666,335.22821078973084,0.0038750559624762164,112377.95330928422,0.05012838425329289,0.00016681165350355606,-0.06422831268291,-6.4228312682910005
2020,150123,8.676677343361403,8.636425991783561,0.04025135157784199,5864.528368999997,5633.160840719099,231.3675282808981,0.2496500094648684,0.04025135157784199,231.3675282808981,0.0016201713038430426,53530.93314281219,0.05083861086369029,7.083844294168862e-05,0.039452026441531264,3.9452026441531265
2021,150123,8.626670138472866,8.605596593463595,0.021073545009270944,5578.471753,5462.143605678149,116.32814732185125,0.13070395166355014,0.021073545009270944,116.32814732185125,0.0004440942992577683,13532.237859334327,0.057190434157952705,2.2138345117870707e-05,0.02085304945019971,2.085304945019971
2022,150123,8.717950456076622,8.643803862448802,0.07414659362781961,6111.640168,5674.875265433785,436.7649025662149,0.45987767057151174,0.07414659362781961,436.7649025662149,0.00549771734660902,190763.5801136752,0.05372499401784622,0.00025557511648542706,0.07146443353341984,7.146443353341985
2001,150221,9.162149429052834,9.133758768085015,0.02839066096781906,9529.518102999991,9262.773233707196,266.74486929279556,0.17608672756299765,0.02839066096781906,266.74486929279556,0.0008060296301896446,71152.82529403058,0.09495023772272373,7.239301567595569e-05,0.027991433187877727,2.7991433187877726
2002,150221,8.967333150252701,9.170333591742649,-0.203000441489948,7842.658500000005,9607.829247976335,-1765.17074797633,-1.2590648550354855,0.203000441489948,1765.17074797633,0.0412091792451138,3115827.769511316,0.09450240059851238,0.0036800754377966493,-0.22507300910479894,-22.507300910479895
2003,150221,9.091676859976742,9.159384875822596,-0.06770801584585406,8881.065877,9503.209625295014,-622.143748295015,-0.41994383130404117,0.06770801584585406,622.143748295015,0.004584375409782425,387062.843542571,0.10038885659190779,0.0004406061467805374,-0.07005282439197193,-7.005282439197193
2004,150221,9.278701884598064,9.142652417940887,0.13604946665717677,10707.52329,9345.520512784327,1362.0027772156718,0.8438164013690356,0.13604946665717677,1362.0027772156718,0.01850945737770225,1855051.565143203,0.09465293924749021,0.0016561212208836737,0.1272005430506677,12.72005430506677
2005,150221,9.208806584224893,9.149987956682974,0.058818627541919355,9984.673879000004,9414.326998350905,570.3468806490982,0.3648093876836222,0.058818627541919355,570.3468806490982,0.0034596309459150342,325295.5642661567,0.0943120016133055,0.00030820099179640294,0.05712223429236532,5.712223429236532
2006,150221,9.17213000678546,9.165149760279522,0.0069802465059378704,9625.104408999994,9558.15274897023,66.95166002976475,0.0432934184310422,0.0069802465059378704,66.95166002976475,4.872384128365785e-05,4482.524780741199,0.0925550128133416,4.243218301295169e-06,0.006955941170587336,0.6955941170587336
2007,150221,9.198844521870175,9.173753418780741,0.02509110308943363,9885.699746999995,9640.742609139746,244.95713786024862,0.1556219574800407,0.02509110308943363,244.95713786024862,0.0006295634542445859,60003.999388684846,0.09502481981738967,5.659756536793482e-05,0.02477893767050588,2.4778937670505883
2008,150221,9.18733059525791,9.170543544461946,0.016787050795963765,9772.529293999998,9609.84664962556,162.6826443744376,0.10411792960529125,0.016787050795963765,162.6826443744376,0.00028180507442626766,26465.642780659728,0.092940565995895,2.466477483031836e-05,0.016646933406924573,1.6646933406924573
2009,150221,9.18934713318935,9.171113795155884,0.018233338033466495,9792.255852999993,9615.32823413629,176.92761886370317,0.11308820286017092,0.018233338033466495,176.92761886370317,0.00033245461584265583,31303.382316779815,0.09160946616018197,2.8597103156908e-05,0.018068116429933653,1.8068116429933654
2010,150221,9.191948453476275,9.206820536636277,-0.014872083160001992,9817.761806999997,9964.86352018881,-147.10171318881294,-0.09224077095837645,0.014872083160001992,147.10171318881294,0.00022117885751801484,21638.91402308378,0.0962070006645726,2.0183982546868736e-05,-0.014983222864902918,-1.4983222864902919
2011,150221,9.188885729886687,9.193655682981685,-0.004769953094998058,9787.738715999994,9834.537295363813,-46.798579363818135,-0.029584567688623376,0.004769953094998058,46.798579363818135,2.2752452528481557e-05,2190.1070304715845,0.09887251980947093,2.146475194317835e-06,-0.0047813474308745696,-0.47813474308745696
2001,150821,9.202166314507963,9.149861876890329,0.052304437617634036,9918.592592999996,9413.140116777522,505.4524762224737,0.32440658100746017,0.052304437617634036,505.4524762224737,0.0027357541944969706,255482.20571943035,0.06357119542794355,0.000153667648646077,0.05096010058717349,5.096010058717349
2002,150821,9.263519526610937,9.168332647002869,0.09518687960806815,10546.185680000006,9588.623733576282,957.5619464237243,0.5903753405430253,0.09518687960806815,957.5619464237243,0.009060542049520861,916924.8812387914,0.06182388458446965,0.0004931014136789265,0.09079699291087427,9.079699291087428
2003,150821,9.257703940947168,9.151787324498251,0.10591661644891737,10485.031429999995,9431.282084998182,1053.7493450018137,0.656924134530558,0.10591661644891737,1053.7493450018137,0.011218329639987073,1110387.6820917514,0.05990536766911632,0.0005891763579162356,0.10050035157613392,10.050035157613392
2004,150821,9.106640024254416,9.152304854463072,-0.04566483020865597,9014.953921000002,9436.164319326155,-421.21039832615315,-0.2832259004211499,0.04566483020865597,421.21039832615315,0.002085276717985379,177418.1996580766,0.05776514718409352,0.00010512494262549141,-0.04672352205206053,-4.672352205206053
2005,150821,9.123216198152502,9.163368230933239,-0.0401520327807372,9165.632753999998,9541.139778404558,-375.50702440456007,-0.24903400682979418,0.0401520327807372,375.50702440456007,0.0016121857364253948,141005.52537716686,0.06127116265711807,8.685311504135988e-05,-0.04096902357785217,-4.096902357785217
2006,150821,9.122326594460064,9.16660494656837,-0.04427835210830544,9157.482599000004,9572.071766722931,-414.5891677229265,-0.27462657996837075,0.04427835210830544,414.5891677229265,0.001960572465427077,171884.17799318887,0.056980097142638284,9.733272647705468e-05,-0.04527326841638766,-4.527326841638766
2007,150821,8.818243951516166,9.174936761868578,-0.3566928103524116,6756.389654000004,9652.157667901281,-2895.7680139012773,-2.212307413039775,0.3566928103524116,2895.7680139012773,0.12722976095710148,8385472.390333748,0.05729878456867209,0.006355950542104182,-0.4285969522475495,-42.85969522475495
2008,150821,9.307785983758185,9.174115860721663,0.13367012303652182,11023.514849999994,9644.237451903471,1379.277398096523,0.8290590544941625,0.13367012303652182,1379.277398096523,0.01786770179259888,1902406.1408999145,0.06244452046592591,0.0009834756234248676,0.12512138069070808,12.512138069070808
2009,150821,9.185753869753407,9.161991663597739,0.023762206155668153,9757.132839,9528.014792827964,229.11804617203597,0.14737977134001015,0.023762206155668153,229.11804617203597,0.0005646424413844734,52495.07908169121,0.056110087506662736,2.7552835389186324e-05,0.02348210790532991,2.348210790532991
2010,150821,9.192562801330007,9.201157115342236,-0.00859431401222821,9823.795181000003,9908.587806889991,-84.7926258899879,-0.053304311293684396,0.00859431401222821,84.7926258899879,7.386223334078215e-05,7189.789405319447,0.06457304601856062,4.223266339984608e-06,-0.008631351155812322,-0.8631351155812322
2011,150821,9.030778317890011,9.175890472987412,-0.14511215509740083,8356.360946999997,9661.367429017613,-1305.0064820176158,-0.9000257003413606,0.14511215509740083,1305.0064820176158,0.021057537557012115,1703041.9181079937,0.06344888979931143,0.0011802205370938451,-0.15616923326967153,-15.616923326967152
2016,150821,9.32879058679682,9.177425394531344,0.15136519226547662,11257.508270000002,9676.208256867727,1581.3000131322751,0.9388087654311216,0.15136519226547662,1581.3000131322751,0.022911421429564705,2500509.7315321337,0.06138791840020345,0.001236964349552534,0.14046625373984956,14.046625373984956
2017,150821,8.95400830605114,9.16126237547953,-0.20725406942839086,7738.849453000005,9521.068658024098,-1782.2192050240928,-1.2854470313715682,0.20725406942839086,1782.2192050240928,0.04295424929462826,3176305.2947567096,0.06092808771501136,0.002299431631155188,-0.2302951124515294,-23.02951124515294
2018,150821,9.200021884920837,9.229256883161806,-0.029234998240969645,9897.345659000008,10190.965619018745,-293.6199600187374,-0.18132354073748053,0.029234998240969645,293.6199600187374,0.0008546851221494983,86212.68092140496,0.06075152880153727,4.560336439562288e-05,-0.02966653587083102,-2.966653587083102
2019,150821,9.234525759364232,9.154693646246724,0.07983211311750793,10244.802259999993,9458.73229548768,786.0699645123132,0.49514083413680043,0.07983211311750793,786.0699645123132,0.0063731662848065815,617905.9891083892,0.06723390860116582,0.00038158617512928916,0.07672866147758266,7.672866147758266
2020,150821,9.27895374119459,9.194236912244989,0.08471682894960075,10710.220389999995,9840.255077741182,869.9653122588134,0.5254371920455985,0.08471682894960075,869.9653122588134,0.007176941107275912,756839.6445335746,0.0616720248116764,0.0003895047722783949,0.08122758268084657,8.122758268084656
2021,150821,9.285638861468541,9.189613900669844,0.09602496079869738,10782.059359999994,9794.868456885628,987.1909031143659,0.5955733517642955,0.09602496079869738,987.1909031143659,0.009220793096391369,974545.8791917574,0.06326131534965358,0.0005150674503290153,0.09155865963571977,9.155865963571976
2022,150821,9.253305067671812,9.199100863440085,0.054204204231727005,10439.010400000001,9888.234187620168,550.7762123798329,0.33618945871461364,0.054204204231727005,550.7762123798329,0.002938095756394772,303354.43612347485,0.061592825368229465,0.00015922378935686603,0.05276134339130775,5.276134339130775
2001,150823,9.092153132602983,9.012104091543451,0.08004904105953159,8885.296693000002,8201.760386921138,683.5363060788641,0.4964862812002281,0.08004904105953159,683.5363060788641,0.006407848974550575,467221.88172793854,0.06414613788572368,0.0003636312753978062,0.07692892310702087,7.692892310702088
2002,150823,9.329454623393774,9.027693451025476,0.30176117236829825,11264.986150000004,8330.62240640354,2934.3637435964647,1.8716062091029637,0.30176117236829825,2934.3637435964647,0.0910598051490898,8610490.57973346,0.060042872696687274,0.004794757098558461,0.260485339664307,26.048533966430696
2003,150823,9.329376213654392,9.013367310876266,0.3160089027781261,11264.102899999993,8212.127555830513,3051.9753441694793,1.9599745717103074,0.3160089027781261,3051.9753441694793,0.09986162663503516,9314553.501418412,0.06214394026570158,0.005466628572123386,0.27094704045800944,27.094704045800945
2004,150823,9.120472575082584,9.00291453476436,0.11755804031822414,9140.520177999995,8126.73509671607,1013.7850812839251,0.7291274634929789,0.11755804031822414,1013.7850812839251,0.013819892843461213,1027760.1910338547,0.06303797841975119,0.0007688781151398732,0.11091109275421433,11.091109275421433
2005,150823,9.125498688081056,9.021252053112955,0.10424663496810105,9186.577112,8277.134007598308,909.4431044016928,0.6465664477411918,0.10424663496810105,909.4431044016928,0.010867360902172508,827086.7601437884,0.059357091888047164,0.0005648610857611475,0.09899694884329979,9.899694884329978
2006,150823,9.125769370555458,9.033446396397093,0.09232297415836577,9189.064094000005,8378.686143484802,810.3779505152033,0.5726126072533866,0.09232297415836577,810.3779505152033,0.008523531557446274,656712.4226812214,0.056982781698959324,0.00042317353253827676,0.08818938928114989,8.818938928114989
2007,150823,8.845191325177648,9.03984019569523,-0.1946488705175824,6940.931908000003,8432.429409809318,-1491.4975018093146,-1.2072661031782845,0.1946488705175824,1491.4975018093146,0.037888182793770556,2224564.7979034265,0.05683838956982022,0.0018757192346108844,-0.21488432988230863,-21.488432988230862
2008,150823,9.206364374865057,9.012037901242005,0.1943264736230521,9960.318966999992,8201.217527894938,1759.101439105054,1.2052665085158474,0.1943264736230521,1759.101439105054,0.03776277835077077,3094437.8730614716,0.059070175111693636,0.0019521457997579658,0.17661095442156188,17.66109544215619
2009,150823,9.161674378367268,9.009669474367298,0.1520049039999698,9524.992174000003,8181.816527890529,1343.1756461094737,0.9427764344486987,0.1520049039999698,1343.1756461094737,0.023105490840040033,1804120.8163016022,0.057652731859377096,0.0011622716920729804,0.1410159317270504,14.10159317270504
2010,150823,9.208758650413909,9.047952398431512,0.16080625198239673,9984.195287000008,8501.113198489782,1483.0820885102257,0.9973648276574887,0.16080625198239673,1483.0820885102257,0.02585865067662607,2199532.481259853,0.06224490143986928,0.0014181602132894036,0.14854297676261233,14.854297676261233
2011,150823,9.010280485076938,9.037450353926781,-0.027169868849842516,8186.817232999994,8412.301298876246,-225.4840658762514,-0.16851503737470458,0.027169868849842516,225.4840658762514,0.0007382017733176426,50843.06396408568,0.06085875589793455,3.94667031228647e-05,-0.02754233537391729,-2.754233537391729
2016,150823,9.315776954440857,9.084104941357925,0.23167201308293173,11111.956330000006,8814.073120859422,2297.883209140584,1.436893867949958,0.23167201308293173,2297.883209140584,0.05367192164589809,5280267.242850228,0.05905355810289123,0.0027736900481583767,0.20679375808351314,20.679375808351313
2017,150823,8.975883866956066,9.08061664113641,-0.10473277418034499,7910.006377000006,8783.380551211107,-873.3741742111006,-0.6495816175225899,0.10473277418034499,873.3741742111006,0.010968953987511139,762782.4481789218,0.05925932874542704,0.0005690843256118519,-0.11041383945664295,-11.041383945664295
2018,150823,8.864352300307226,9.130324437456517,-0.2659721371492907,7075.209265999999,9231.016370882537,-2155.8071048825377,-1.6496327192467315,0.2659721371492907,2155.8071048825377,0.0707411777397611,4647504.273462029,0.06340447146408926,0.003961708658990527,-0.3046987055552256,-30.46987055552256
2019,150823,8.866796750603267,9.068961197192762,-0.20216444658949406,7092.525419000001,8681.600648759922,-1589.075229759921,-1.253879783562611,0.20216444658949406,1589.075229759921,0.040870463464836394,2525160.085836546,0.058230387393131786,0.0020790475281351048,-0.22404928229132381,-22.40492822913238
2020,150823,8.724710056054146,9.081975339996621,-0.3572652839424748,6153.092353,8795.322631363024,-2642.230278363024,-2.2158580524984592,0.3572652839424748,2642.230278363024,0.12763848311049714,6981380.843898343,0.05940809742448709,0.006640783615186208,-0.4294150204124238,-42.94150204124238
2021,150823,8.71925826951128,9.034924400109423,-0.3156661305981423,6119.638282,8391.079028818573,-2271.4407468185727,-1.9578486038949967,0.3156661305981423,2271.4407468185727,0.09964510600680343,5159443.066307715,0.06997678350583279,0.0062462144641573375,-0.37117238669149377,-37.11723866914938
2022,150823,8.815004276677406,9.098141173187527,-0.2831368965101202,6734.536565999996,8938.661827039889,-2204.1252610398924,-1.756093301784095,0.2831368965101202,2204.1252610398924,0.08016650216538251,4858168.166354174,0.05912933887418079,0.004148877649682938,-0.32728685031834953,-32.72868503183496
2001,410181,7.881518196398084,8.146529951198982,-0.26501175480089767,2647.889525999999,3451.38179869492,-803.4922726949208,-1.6436761624363958,0.26501175480089767,803.4922726949208,0.07023123018265111,645599.8322804489,0.055713660408049245,0.0034000012482160924,-0.3034462974400243,-30.344629744002432
2002,410181,7.7292228216128125,8.172330326476017,-0.44310750486320405,2273.8343389999995,3541.5874098400936,-1267.753070840094,-2.7482752366494303,0.44310750486320405,1267.753070840094,0.1963442608660944,1607197.8486244886,0.051248562637573214,0.008661428590748354,-0.5575397684413694,-55.75397684413694
2003,410181,8.134261367200988,8.186776694174911,-0.05251532697392314,3409.2969200000025,3593.121830137023,-183.82491013702065,-0.3257145750928711,0.05251532697392314,183.82491013702065,0.002757859567178059,33791.59758688372,0.06934610645511934,0.000171085165659492,-0.053918715339413885,-5.391871533941388
2004,410181,8.27185567680469,8.155801015683425,0.1160546611212645,3912.2020430000025,3483.5285690435103,428.6734739564922,0.7198030901231943,0.1160546611212645,428.6734739564922,0.013468684367971542,183760.94727392742,0.05089582750113706,0.0005896225874892356,0.10957344974641739,10.957344974641739
2005,410181,8.21391772344949,8.182416487117754,0.03150123633173507,3691.978320000002,3577.489180537133,114.48913946286893,0.1953793758493798,0.03150123633173507,114.48913946286893,0.0009923278904278258,13107.763054948253,0.05056240371397525,4.3126536547175986e-05,0.03101024153979021,3.101024153979021
2006,410181,8.318678334796035,8.188160858176317,0.13051747661971724,4099.737944999997,3598.098743664627,501.6392013353702,0.809505469907753,0.13051747661971724,501.6392013353702,0.017034811703178436,251641.8883163881,0.0533080022161673,0.000785067238896075,0.12235884538599956,12.235884538599956
2007,410181,8.191687627492852,8.17091584966091,0.020771777831942728,3610.8108109999966,3536.5814577963874,74.22935320360921,0.12883230821002575,0.020771777831942728,74.22935320360921,0.00043146675429958734,5509.9968770261685,0.048242276843186056,1.7803969322977996e-05,0.020557530452018268,2.055753045201827
2008,410181,8.225768460480902,8.158001966792751,0.06776649368815058,3735.9912620000005,3491.2040887352377,244.7871732647627,0.420306527047427,0.06776649368815058,244.7871732647627,0.004592297666786152,59920.76019495296,0.049439374255794415,0.0001946874139721676,0.06552134523294362,6.552134523294361
2009,410181,8.231514124142894,8.177642127417176,0.05387199672571796,3757.518797000001,3560.449669109925,197.0691278900763,0.3341290159277654,0.05387199672571796,197.0691278900763,0.002902192031215767,38836.24116735524,0.052877756388403224,0.00013255057454405827,0.05244661132431754,5.244661132431754
2010,410181,8.233411706837622,8.20105825643429,0.03235345040333115,3764.6557690000027,3644.805405903676,119.85036309632687,0.20066504310526334,0.03235345040333115,119.85036309632687,0.0010467457530008086,14364.109534321391,0.04967108810989438,4.4605819182844866e-05,0.03183567647359229,3.183567647359229
2011,410181,8.16505656656808,8.172905607596597,-0.00784904102851769,3515.920215000003,3543.625404367542,-27.705189367539333,-0.04868192222738369,0.00784904102851769,27.705189367539333,6.160744506735402e-05,767.5775178912145,0.049068106807389184,2.590169563997918e-06,-0.007879925502672224,-0.7879925502672225
2012,410181,8.212030779916352,8.183782714245663,0.028248065670689826,3685.0183340000017,3582.380183655167,102.63815034483468,0.17520231211152856,0.028248065670689826,102.63815034483468,0.0007979532141356051,10534.589906208888,0.04921027187967714,3.365570968165864e-05,0.027852819454882702,2.7852819454882702
2013,410181,8.190178177199114,8.219774257387991,-0.029596080188877494,3605.3645830000005,3713.6639556790474,-108.29937267904688,-0.18356307079496093,0.029596080188877494,108.29937267904688,0.0008759279625464669,11728.754122675087,0.05013492987672046,3.771199346296314e-05,-0.030038397001429375,-3.0038397001429376
2014,410181,8.145754970618915,8.17913104483625,-0.03337607421733502,3448.708080999999,3565.754833137492,-117.04675213749306,-0.20700763869118657,0.03337607421733502,117.04675213749306,0.0011139623301610552,13699.942185935735,0.05025194946831255,4.808405884860542e-05,-0.03393930404905532,-3.393930404905532
2015,410181,8.205559530507871,8.199071571174624,0.006487959333247417,3661.2486540000023,3637.5715128430697,23.67714115693252,0.04024011729942852,0.006487959333247417,23.67714115693252,4.209361630987227e-05,560.6070133653079,0.05153053228772138,1.8682228467251943e-06,0.006466957968305342,0.6466957968305342
2016,410181,8.198571202143093,8.218502023294633,-0.0199308211515401,3635.7518399999976,3708.9423099395635,-73.1904699395659,-0.12361646240628801,0.0199308211515401,73.1904699395659,0.0003972376317746783,5356.8448899745,0.04998591992659772,1.7046393578885654e-05,-0.020130766113994718,-2.013076611399472
2017,410181,8.134057879034186,8.223778987866732,-0.08972110883254558,3408.603238999999,3728.5659983259393,-319.96275932594017,-0.5564751192497565,0.08972110883254558,319.96275932594017,0.008049877370141489,102376.16735546952,0.049756067197624036,0.00034368424324948465,-0.09386917071046656,-9.386917071046657
2018,410181,8.335100543300692,8.252263157445617,0.0828373858550755,4167.620562,3836.2981510388304,331.3224109611697,0.5137803664249849,0.0828373858550755,331.3224109611697,0.006862032495302662,109774.54000512221,0.05144585901355295,0.00030399991847747653,0.07949917849579169,7.949917849579169
2019,410181,8.390670394364713,8.206594454714683,0.18407593965003066,4405.770308000003,3665.0397302591023,740.7305777409006,1.1416898631841788,0.18407593965003066,740.7305777409006,0.03388395155804173,548681.7888003683,0.06482672496944249,0.0019460701069177765,0.1681273706883632,16.81273706883632
2020,410181,8.325965594600387,8.23971786192315,0.0862477326772364,4129.722921999996,3788.4712853690207,341.25163663097555,0.5349322801634453,0.0862477326772364,341.25163663097555,0.0074386713919640315,116452.67950331938,0.05026630840884707,0.0003211908746922936,0.08263305870063306,8.263305870063306
2022,410181,8.350084193772654,8.249710657624586,0.10037353614806754,4230.536913,3826.5184872996065,404.01842570039344,0.6225444181899651,0.10037353614806754,404.01842570039344,0.010074846758867422,163230.88830542433,0.06146717067756532,0.0005447249369410469,0.09550050833001524,9.550050833001524
2001,410182,8.490125984792734,8.512407905599488,-0.02228192080675484,4866.479137000001,4976.130727111204,-109.6515901112025,-0.13819863239981242,0.02228192080675484,109.6515901112025,0.0004964839948384943,12023.471213915162,0.05888173881062886,2.5573607803911494e-05,-0.02253201689030532,-2.253201689030532
2002,410182,8.360026271506893,8.536715995366011,-0.17668972385911808,4272.807018,5098.573100582525,-825.7660825825242,-1.0958785110226286,0.17668972385911808,825.7660825825242,0.031219258517411398,681889.6231436882,0.05205563594570685,0.001401261419988456,-0.1932607953281835,-19.326079532818348
2003,410182,8.387504342754617,8.552891663949202,-0.16538732119458466,4391.843469999997,5181.716567001838,-789.8730970018405,-1.0257778852903536,0.16538732119458466,789.8730970018405,0.02735296601192071,623899.5093672789,0.06869084410154708,0.0016784563677205793,-0.17985001113936355,-17.985001113936356
2004,410182,8.488680706599652,8.533660349929066,-0.04497964332941429,4859.450801000003,5083.017447336783,-223.56664633678065,-0.27897618198481167,0.04497964332941429,223.56664633678065,0.002023168314041323,49982.04535427516,0.05707418074266824,0.00010062622202645805,-0.04600656648088174,-4.600656648088174
2005,410182,8.564808245795481,8.590562990640592,-0.025754744845110977,5243.834297,5380.642073979004,-136.8077769790034,-0.15973804710415498,0.025754744845110977,136.8077769790034,0.0006633068820367705,18716.36784193673,0.06227084347552704,3.6394766274523534e-05,-0.0260892639298826,-2.60892639298826
2006,410182,8.576843640433339,8.579841353515969,-0.0029977130826299714,5307.3272270000025,5323.260941682586,-15.93371468258374,-0.01859264521849021,0.0029977130826299714,15.93371468258374,8.986283725770886e-06,253.88326358598468,0.055619323758830774,4.3421634657852876e-07,-0.003002210717576268,-0.3002210717576268
2007,410182,8.626481702449366,8.55709081240745,0.06939089004191601,5577.420667000002,5203.521112357072,373.8995546429305,0.4303814822773895,0.06939089004191601,373.8995546429305,0.004815095620809278,139800.8769621818,0.051909478294430655,0.00021544999713867888,0.06703807673234814,6.703807673234814
2008,410182,8.603274389423504,8.58289459764569,0.02037979177781324,5449.474110000004,5339.538994692918,109.93511530708565,0.1264011023427079,0.02037979177781324,109.93511530708565,0.0004153359129070241,12085.729577582219,0.0517784968737092,1.853206635087958e-05,0.02017352740613086,2.0173527406130862
2009,410182,8.619991971349203,8.55036854691959,0.06962342442961322,5541.341904000002,5168.658969539455,372.6829344605467,0.43182372483108983,0.06962342442961322,372.6829344605467,0.004847421229306063,138892.56963812414,0.055238871775788914,0.00023243742216721083,0.06725499724020396,6.725499724020397
2010,410182,8.607036222104362,8.579945965929209,0.02709025617515337,5470.012727000001,5323.817849985257,146.19487701474372,0.1680212575583615,0.02709025617515337,146.19487701474372,0.0007338819796354353,21372.942065356045,0.049020120981703524,3.082140757077384e-05,0.026726606373898423,2.6726606373898423
2011,410182,8.605238821431772,8.54564608763973,0.05959273379204255,5460.189753000001,5144.307732143821,315.8820208561792,0.3696106086388076,0.05959273379204255,315.8820208561792,0.00355129392080925,99781.45110018365,0.052012088048058125,0.00015925014267217875,0.0578518394315186,5.78518394315186
2012,410182,8.621401528391054,8.58149089812408,0.03991063026697361,5549.158249,5332.049144339943,217.1091046600568,0.24753676170674846,0.03991063026697361,217.1091046600568,0.0015928584083070702,47136.363326291495,0.04973319204375426,6.797150864200257e-05,0.039124691515002565,3.9124691515002565
2013,410182,8.616471912134758,8.597309451227211,0.019162460907546475,5521.870343000003,5417.0650887300035,104.80525426999975,0.11885087976952921,0.019162460907546475,104.80525426999975,0.00036719990803324687,10984.1413225993,0.05335038569752286,1.6937765854422737e-05,0.018980028099149393,1.8980028099149393
2014,410182,8.572746984874557,8.563723395941572,0.00902358893298505,5285.629410000005,5238.148608745638,47.48080125436718,0.05596679301986252,0.00902358893298505,47.48080125436718,8.142515723149027e-05,2254.4264877567157,0.05443834657117288,3.841301107062152e-06,0.008982998536472714,0.8982998536472714
2015,410182,8.62032739574107,8.572796028413038,0.047531367328032204,5543.200917000001,5285.888642326149,257.3122746738518,0.294802679616195,0.047531367328032204,257.3122746738518,0.002259230880072327,66209.60669783175,0.050392248211398524,9.78206107225578e-05,0.04641943861077113,4.641943861077113
2016,410182,8.61605950576316,8.6151335564304,0.000925949332758691,5519.593558,5514.4850594982545,5.108498501745089,0.005742993728798143,0.000925949332758691,5.108498501745089,8.57382166836265e-07,26.09675694233182,0.04878973104152436,3.582154655747349e-08,0.0009255207739600542,0.09255207739600542
2017,410182,8.60692775815661,8.612655190225576,-0.005727432068965754,5469.419459999997,5500.835067915561,-31.41560791556367,-0.0355231169681719,0.005727432068965754,31.41560791556367,3.280347810461734e-05,986.9404207044266,0.05157376616897842,1.4572569875021903e-06,-0.0057438651661877995,-0.5743865166187799
2018,410182,8.67567102860819,8.651816822695652,0.023854205912538617,5858.629775999997,5720.530487798639,138.09928820135792,0.1479503792642946,0.023854205912538617,138.09928820135792,0.0005690231397177923,19071.413401721715,0.05423055832001564,2.672993916198122e-05,0.023571943181507155,2.3571943181507153
2019,410182,8.613219266179332,8.601053121415712,0.012166144763620323,5503.938831999996,5437.382801490125,66.55603050987156,0.07545779300143471,0.012166144763620323,66.55603050987156,0.00014801507840936622,4429.705197230955,0.06851746132760582,9.056331452401762e-06,0.012092436442591557,1.2092436442591556
2020,410182,8.746546927712233,8.631094888088297,0.11545203962393558,6288.934426000004,5603.209783177611,685.7246428223934,0.7160654650096387,0.11545203962393558,685.7246428223934,0.01332917345332679,470218.28577389906,0.050228160181815557,0.0005750510947899233,0.10903669785257084,10.903669785257083
2022,410182,8.566106267650719,8.636391251749238,-0.07028498409851913,5250.645327999996,5632.965147917352,-382.31981991735574,-0.435926900777481,0.07028498409851913,382.31981991735574,0.004939978989729087,146168.44470163932,0.05432757102606402,0.00023251900590602332,-0.07281387258792126,-7.281387258792125
2001,410322,8.260378385698997,8.234461828977036,0.02591655672196147,3867.5572520000014,3768.611193846415,98.94605815358636,0.16074164909523672,0.02591655672196147,98.94605815358636,0.0006716679123226463,9790.322424132895,0.05249105411352821,3.042760568894792e-05,0.025583605285330713,2.558360528533071
2002,410322,7.994544303849323,8.242774897218478,-0.2482305933691551,2964.7390690000007,3800.0704963691082,-835.3314273691076,-1.5395947602960451,0.2482305933691551,835.3314273691076,0.06161842748440283,697778.5935505107,0.05176482388837591,0.00274857599868574,-0.28175546242956984,-28.175546242956983
2003,410322,8.422443471185101,8.288282165638362,0.13416130554673877,4548.002803000003,3976.9965019543197,571.0063010456834,0.8321055042037455,0.13416130554673877,571.0063010456834,0.0179992559060054,326048.1958338736,0.06890625953354211,0.0011084623218697216,0.12555100024763177,12.555100024763178
2004,410322,8.397622120852759,8.27628022305722,0.1213418977955385,4436.504723000001,3929.550112254553,506.954610745448,0.7525959935670163,0.1213418977955385,506.954610745448,0.014723856160622911,257002.9773560687,0.05275802190592339,0.0006707840388326833,0.11426892168451049,11.42689216845105
2005,410322,8.266902186516065,8.275455772295366,-0.008553585779301542,3892.870905999997,3926.311726798871,-33.44082079887403,-0.05305170353426627,0.008553585779301542,33.44082079887403,7.316382968386957e-05,1118.2884957024057,0.054900277389443045,3.4842573086638726e-06,-0.008590272219747236,-0.8590272219747236
2006,410322,8.390636261725946,8.284682881072483,0.10595338065346382,4405.6199300000035,3962.7078896427233,442.91204035728015,0.6571521562901563,0.10595338065346382,442.91204035728015,0.011226118871897802,196171.07549344897,0.050389783653703404,0.0004860443465118743,0.1005334203573207,10.05334203573207
2007,410322,8.485890389030128,8.291024848973263,0.19486554005686507,4845.910289999998,3987.9191157716937,857.9911742283043,1.2086099475564804,0.19486554005686507,857.9911742283043,0.037972578701653686,736148.8550536644,0.048455510492852114,0.0015745251040419727,0.17705469620410672,17.70546962041067
2008,410322,8.435814746542837,8.278661702800468,0.15715304374236894,4609.223789999999,3938.9194082131094,670.3043817868897,0.9747066202694382,0.15715304374236894,670.3043817868897,0.024697079157490923,449307.96424270445,0.04895310518889427,0.0010356583171161925,0.1454267382810002,14.54267382810002
2009,410322,8.366006762586068,8.281403658916108,0.08460310366995927,4298.4370659999995,3949.73457295103,348.7024930489697,0.5247318364233411,0.08460310366995927,348.7024930489697,0.007157685150589875,121593.42865856676,0.04870798203304466,0.0002984967073416204,0.08112308908909119,8.11230890890912
2010,410322,8.191828796899234,8.31356686175103,-0.12173806485179561,3611.3205830000006,4078.8357111147284,-467.51512811472776,-0.755053131165315,0.12173806485179561,467.51512811472776,0.014820156433859994,218570.39501613032,0.048346403113261605,0.0006129904268748434,-0.1294582182250774,-12.945821822507739
2011,410322,8.199233499115426,8.301579434885383,-0.10234593576995721,3638.1605849999974,4030.232859904209,-392.07227490421155,-0.6347777858899537,0.10234593576995721,392.07227490421155,0.010474690568628207,153720.66874856365,0.049252707535782245,0.00044221720944550116,-0.10776662155065699,-10.776662155065699
2012,410322,8.231300193881758,8.312715019432604,-0.081414825550846,3756.7150360000005,4075.3626656996385,-318.64762969963795,-0.5049572541692777,0.081414825550846,318.64762969963795,0.006628373819474688,101536.31191319758,0.054836485422550964,0.0003152515500762077,-0.08482081463355313,-8.482081463355314
2013,410322,8.261397664019405,8.337368354521484,-0.0759706905020785,3871.501379000001,4177.082663749493,-305.5812847494917,-0.47119122363426785,0.0759706905020785,305.5812847494917,0.0057715458153626,93379.92158914993,0.06266320211057606,0.0003189392140882686,-0.07893095076939442,-7.893095076939442
2014,410322,8.07599369680945,8.31078143061805,-0.2347877338086004,3216.32183,4067.490203539154,-851.1683735391543,-1.4562184291923008,0.2347877338086004,851.1683735391543,0.0551252799469782,724487.6001132894,0.04871639278423691,0.0022993253517600318,-0.26464029986052556,-26.464029986052555
2015,410322,8.228155524294376,8.31596842233568,-0.0878128980413031,3744.9199639999993,4088.64305394014,-343.72308994014065,-0.5446398684216354,0.0878128980413031,343.72308994014065,0.007711105062412293,118145.56255799803,0.04885941611996713,0.0003226784704838752,-0.09178382802419238,-9.178382802419238
2016,410322,8.276563883172715,8.332773384284703,-0.0562095011119883,3930.6649270000003,4157.933122711758,-227.26819571175793,-0.34862686430505574,0.0562095011119883,227.26819571175793,0.0031595080152586144,51650.8327820779,0.048411803472833824,0.00013087815149310698,-0.057819274838370856,-5.7819274838370855
2017,410322,8.104388761756478,8.337621579524626,-0.23323281776814753,3308.958485,4178.140539454783,-869.1820544547827,-1.44657441007246,0.23323281776814753,869.1820544547827,0.05439754728406991,755477.4437862368,0.05165387407349783,0.0024207112649610217,-0.26267541838161884,-26.267541838161883
2018,410322,8.468430741212769,8.397831291292688,0.07059944992008127,4762.036734999996,4437.432805705007,324.60392929498903,0.43787730473292436,0.07059944992008127,324.60392929498903,0.004984282329018063,105367.71091374624,0.05868173892101985,0.0002557567849172808,0.06816493600505358,6.816493600505358
2019,410322,8.464977748401356,8.344216974424985,0.12076077397637164,4745.621812999998,4205.788099328817,539.8337136711807,0.7489917029961841,0.12076077397637164,539.8337136711807,0.014583164531372317,291420.4384160183,0.062100229067985464,0.0007976762112449775,0.11375405267069075,11.375405267069075
2020,410322,8.568014655289275,8.332031821116228,0.235982834173047,5260.675161999998,4154.850895625262,1105.824266374736,1.4636307720230395,0.235982834173047,1105.824266374736,0.0556878980243438,1222847.308103223,0.051998331583861766,0.002496471160954668,0.21020576871245647,21.020576871245648
2021,410322,8.378234080255838,8.379275319959689,-0.001041239703850394,4351.3180589999965,4355.851183752286,-4.533124752289041,-0.006458056480879646,0.001041239703850394,4.533124752289041,1.084180120874456e-06,20.54922001981558,0.07119830411070695,6.932974645986101e-08,-0.0010417819821083882,-0.10417819821083882
2001,410381,8.618449515269168,8.638822533709956,-0.02037301844078776,5532.801216000004,5646.677136567712,-113.87592056770791,-0.12635909223407218,0.02037301844078776,113.87592056770791,0.00041505988038867815,12967.72528514292,0.05193026859879217,1.8579981839913096e-05,-0.020581964925541943,-2.0581964925541945
2002,410381,8.629038857057273,8.636030202195622,-0.006991345138349203,5591.701245000001,5630.931735468578,-39.230490468577045,-0.04336225521733441,0.006991345138349203,39.230490468577045,4.887890684351904e-05,1539.0313824051143,0.05225778010151995,2.2033653117357286e-06,-0.007015841646342649,-0.7015841646342649
2003,410381,8.61293180706518,8.672600536694276,-0.059668729629095196,5502.356901999998,5840.668489749728,-338.3115877497303,-0.37008195582829995,0.059668729629095196,338.3115877497303,0.003560357295550063,114454.73040574345,0.06751734961330792,0.00021420123525550748,-0.06148484981531473,-6.148484981531473
2004,410381,8.613076022133816,8.65186389886409,-0.038787876730273396,5503.150481999998,5720.799794794354,-217.64931279435586,-0.24057313390106197,0.038787876730273396,217.64931279435586,0.0015044993812428843,47371.22335985536,0.051461725367316434,6.667471358349174e-05,-0.039549947526649504,-3.9549947526649505
2005,410381,8.640647160269879,8.68718447911891,-0.04653731884903145,5656.989618999997,5926.47262318531,-269.4830041853129,-0.28863731615725247,0.04653731884903145,269.4830041853129,0.002165722045656418,72621.08954474136,0.051341533408032665,9.572961251637149e-05,-0.04763717495259435,-4.763717495259435
2006,410381,8.621387304691208,8.679470924105775,-0.05808361941456752,5549.079319999999,5880.934307513968,-331.8549875139688,-0.3602506640940483,0.05808361941456752,331.8549875139688,0.0033737068442963253,110127.7327378964,0.04994248674392934,0.0001446346116584472,-0.059803612162813505,-5.98036121628135
2007,410381,8.672271265937212,8.677245476907736,-0.004974210970523529,5838.745644999995,5867.861150942812,-29.115505942816526,-0.030851431497148973,0.004974210970523529,29.115505942816526,2.4742774779276632e-05,847.7126863061844,0.05050576294124742,1.0739874189267153e-06,-0.004986602896077441,-0.4986602896077441
2008,410381,8.656787087672438,8.665730946562208,-0.00894385888977034,5749.033815999999,5800.682990370923,-51.6491743709239,-0.05547228525147882,0.00894385888977034,51.6491743709239,7.999261184012394e-05,2667.6372131981025,0.05120071046828223,3.525101976980305e-06,-0.0089839747032241,-0.8983974703224099
2009,410381,8.655043211405971,8.666229795226359,-0.011186583820387952,5739.016949000003,5803.577375201813,-64.56042620181051,-0.06938228524422443,0.011186583820387952,64.56042620181051,0.0001251396575705655,4168.048631359422,0.05002031282466384,5.374118638794479e-06,-0.011249387617344443,-1.1249387617344442
2010,410381,8.631252683012118,8.70482005397049,-0.07356737095837218,5604.094010999996,6031.916422892246,-427.8224118922508,-0.4562851714567884,0.07356737095837218,427.8224118922508,0.005412158069726743,183032.01611730267,0.054969784453194115,0.000258105726154231,-0.07634104835723662,-7.6341048357236625
2011,410381,8.6968525087601,8.674280697523315,0.022571811236785422,5984.047806999999,5850.490000710147,133.55780628985212,0.13999661298341967,0.022571811236785422,133.55780628985212,0.0005094866625090726,17837.687620957662,0.04873594181132431,2.126055163589924e-05,0.022318973811275258,2.2318973811275256
2012,410381,8.744376573056316,8.675928706665834,0.06844786639048195,6275.300008999997,5860.139610858431,415.16039814156557,0.4245325889041864,0.06844786639048195,415.16039814156557,0.004685110413409268,172358.15618506324,0.052927166569692784,0.00021420334037239522,0.06615785660385082,6.6157856603850815
2013,410381,8.729650656709415,8.72503019327082,0.004620463438595124,6183.567546,6155.062502202042,28.505043797958024,0.028657391515080004,0.004620463438595124,28.505043797958024,2.1348682387394274e-05,812.5375219235052,0.054134239499467746,1.0008722056228732e-06,0.004609805518563025,0.4609805518563025
2014,410381,8.71755498402736,8.681825633464689,0.035729350562672124,6109.223663000001,5894.79851525086,214.4251477491407,0.2216033091185685,0.035729350562672124,214.4251477491407,0.0012765864916303188,45978.14398724082,0.05025272252986519,5.5104649916792265e-05,0.03509859183054446,3.509859183054446
2015,410381,8.772849017776101,8.69905882841356,0.07379018936254056,6456.541086000005,5997.265104714037,459.27598128596765,0.4576671527947816,0.07379018936254056,459.27598128596765,0.005444992046159594,210934.4269861885,0.04943550189190094,0.00023081686567540352,0.07113344051691013,7.113344051691013
2016,410381,8.723665761967268,8.70731558930457,0.01635017266269756,6146.670069000004,6046.988081564366,99.6819874356379,0.1014082906533177,0.01635017266269756,99.6819874356379,0.0002673281461000226,9936.49861911867,0.049611810555267255,1.1376855032001846e-05,0.0162172340985686,1.6217234098568603
2017,410381,8.700549074443673,8.72118468671626,-0.020635612272586812,6006.2091679999985,6131.438621013407,-125.2294530134086,-0.1279877717696468,0.020635612272586812,125.2294530134086,0.0004258284938645354,15682.415902037512,0.05098985506406775,1.8679760687578176e-05,-0.020849998644837178,-2.0849998644837178
2018,410381,8.80320791195906,8.760057109817911,0.04315080214114886,6655.560249000004,6374.475612737834,281.0846362621696,0.2676332033750811,0.04315080214114886,281.0846362621696,0.0018619917254245769,79008.5727426362,0.05469241289371567,8.829844705918827e-05,0.042233054130101595,4.223305413010159
2019,410381,8.84222041762426,8.715107483276912,0.12711293434734827,6920.341642000003,6094.289616500055,826.0520254999483,0.7883895575916968,0.12711293434734827,826.0520254999483,0.016157698078393273,682361.9488325672,0.058734891364143546,0.000829939166155527,0.11936578686904485,11.936578686904484
2020,410381,8.817212402147586,8.717490327852254,0.09972207429533242,6749.423697999999,6108.828676734365,640.5950212656335,0.6185038716908792,0.09972207429533242,640.5950212656335,0.009944492101763798,410361.9812703174,0.05063039762492059,0.00043283046721977734,0.0949110694377441,9.49110694377441
2021,410381,8.607709929924495,8.74945604924935,-0.14174611932485526,5473.699159000003,6307.256337997085,-833.5571789970818,-0.8791486159818461,0.14174611932485526,833.5571789970818,0.020091962343656105,694817.5706575731,0.08499409791348628,0.0015803666480986062,-0.15228406874106784,-15.228406874106785
2001,411282,8.070367150461644,8.31893891180122,-0.24857176133957637,3198.2758619999995,4100.806381634715,-902.5305196347153,-1.5417107783601856,0.24857176133957637,902.5305196347153,0.06178792053545931,814561.3388721093,0.055423422975483194,0.0029738365989576024,-0.282192830943085,-28.2192830943085
2002,411282,8.094086408439448,8.337806398541458,-0.24371999010200973,3275.0434279999995,4178.912810644473,-903.8693826444737,-1.511618751933757,0.24371999010200973,903.8693826444737,0.05939943357532372,816979.860882102,0.049824821894508216,0.0025398918172443575,-0.2759869914752391,-27.59869914752391
2003,411282,8.058233108157085,8.36236212938184,-0.30412902122475494,3159.7023470000026,4282.799353715784,-1123.097006715781,-1.8862922622726965,0.30412902122475494,1123.097006715781,0.09249446155112744,1261346.886493947,0.058019408121836154,0.004685971415578253,-0.3554439258438732,-35.54439258438732
2004,411282,8.336413994813054,8.34154162062335,-0.0051276258102959105,4173.098125999997,4194.551166236618,-21.453040236620836,-0.03180295274301715,0.0051276258102959105,21.453040236620836,2.6292546450412794e-05,460.23293539407257,0.048366786658864784,1.0880158572030768e-06,-0.005140794582078047,-0.5140794582078047
2005,411282,8.361635271891497,8.364936161439058,-0.0033008895475603595,4279.687499999999,4293.837616873864,-14.150116873865045,-0.020473029463303056,0.0033008895475603595,14.150116873865045,1.0895871805193234e-05,200.22580754404026,0.05192106663019686,4.876532465369912e-07,-0.003306343482757806,-0.33063434827578064
2006,411282,8.43603055503993,8.37147891267815,0.06455164236177957,4610.218607000001,4322.023233454565,288.19537354543536,0.4003671304161227,0.06455164236177957,288.19537354543536,0.004166914531603095,83056.57333299302,0.04794076079041851,0.0001707599789790853,0.06251230106699261,6.2512301066992615
2007,411282,8.614996409017753,8.371189210128094,0.24380719888965885,5513.728814000001,4320.7713136533675,1192.9575003466334,1.5121596449425274,0.24380719888965885,1192.9575003466334,0.05944195023042167,1423147.5976332878,0.04768457805578894,0.0024216082148619915,0.216361293888371,21.636129388837098
2008,411282,8.514341595879603,8.322684449985404,0.19165714589419913,4985.762332000004,4116.194909692252,869.5674223077522,1.1887106000394765,0.19165714589419913,869.5674223077522,0.03673246157231033,756147.5019389486,0.052380608022226285,0.0016601495479491228,0.17441012314739263,17.44101231473926
2009,411282,8.496910265371078,8.367696787621147,0.1292134777499303,4899.606944,4305.707674277743,593.8992697222575,0.8014177084432734,0.1292134777499303,593.8992697222575,0.016696122832231736,352716.34257663076,0.050179021568844295,0.0007195298693754679,0.1212136558116237,12.12136558116237
2010,411282,8.503574781185923,8.419536627067227,0.08403815411869608,4932.369504000003,4534.80166392628,397.56784007372335,0.5212278631332201,0.08403815411869608,397.56784007372335,0.007062411347677716,158060.18746088567,0.059063312610622955,0.00036504342314592505,0.080603823324937,8.0603823324937
2011,411282,8.461094456953017,8.375892833824942,0.085201623128075,4727.228915999999,4341.142467556312,386.086448443687,0.5284440195557394,0.085201623128075,386.086448443687,0.007259316583658524,149062.7456718598,0.04567958623919579,0.0002821135803325686,0.08167289025012536,8.167289025012536
2012,411282,8.434297481365721,8.398042282871323,0.0362551984943984,4602.235678000003,4438.369165436306,163.86651256369714,0.2248647633551714,0.0362551984943984,163.86651256369714,0.001314439417868228,26852.233939788315,0.046326479343055255,5.1875816395481465e-05,0.035605849858368996,3.5605849858368996
2013,411282,8.489042613694938,8.435707872661373,0.053334741033564725,4861.209788999997,4608.731210685427,252.47857831456986,0.3307968076074628,0.053334741033564725,252.47857831456986,0.002844594601117413,63745.43250774639,0.05117293658029882,0.00012527981873769207,0.05193739609549075,5.193739609549075
2014,411282,8.372211578622158,8.392603004394404,-0.020391425772245952,4325.190992999996,4414.2931769240095,-89.10218392401384,-0.1264732595922508,0.020391425772245952,89.10218392401384,0.00041581024502501646,7939.199180028791,0.04798142699925158,1.705579728232345e-05,-0.020600751288953296,-2.0600751288953294
2015,411282,8.371296393659215,8.393797867396612,-0.02250147373739786,4321.234453999996,4419.570804915325,-98.3363509153296,-0.13956036036830236,0.02250147373739786,98.3363509153296,0.0005063163203548055,9670.037911342846,0.04672876990257593,2.017287628630153e-05,-0.022756541437899427,-2.2756541437899425
2016,411282,8.343092467825526,8.41107049921562,-0.06797803139009417,4201.061321000002,4496.571512279872,-295.51019127987,-0.4216185423518141,0.06797803139009417,295.51019127987,0.0046210127516726285,87326.27315026536,0.04694458440425349,0.0001850465023969024,-0.07034179429914346,-7.034179429914346
2017,411282,8.325285161107404,8.41982036591562,-0.09453520480821531,4126.913876,4536.088545888657,-409.17466988865726,-0.5863334732870488,0.09453520480821531,409.17466988865726,0.008936904948131215,167423.91047849166,0.05054929221723328,0.0003882861457570284,-0.0991478577413999,-9.914785774139991
2018,411282,8.462892642293802,8.45225497393738,0.01063766835642177,4735.736997000001,4685.626797781198,50.110199218803245,0.06597775979594092,0.01063766835642177,50.110199218803245,0.00011315998806121704,2511.0320657481493,0.05146428197324469,5.015173412752686e-06,0.01058128845637904,1.058128845637904
2019,411282,8.45859332174253,8.403034549885767,0.055558771856762945,4715.420251000002,4460.582089709536,254.8381612904659,0.3445908615782428,0.055558771856762945,254.8381612904659,0.003086777130231834,64942.48844990552,0.05228051619156411,0.00013921308083592252,0.05404357357892379,5.404357357892379
2020,411282,8.498753048440609,8.410682143108124,0.08807090533248463,4908.644181000004,4494.825580313898,413.81860068610604,0.5462401009644087,0.08807090533248463,413.81860068610604,0.007756484366083469,171245.8342738069,0.0520388742307967,0.00034802166498374955,0.0843040533041451,8.43040533041451
2021,411282,8.367705188463253,8.417552722743682,-0.04984753428042943,4305.743846000003,4525.813969609476,-220.07012360947283,-0.3091681873301395,0.04984753428042943,220.07012360947283,0.002484776673838587,48430.85930548865,0.05889866592194202,0.00012803083074591407,-0.051110825790046936,-5.111082579004694
2022,411282,8.454762591903355,8.4369861611064,0.01777643079695501,4697.391303999999,4614.626265525804,82.76503847419463,0.11025433787307688,0.01777643079695501,82.76503847419463,0.0003160014918789306,6850.051593634917,0.04984711547377984,1.3518755229319344e-05,0.01761936213483369,1.761936213483369
2001,419001,8.445020667043753,8.473618817114787,-0.0285981500710335,4651.851851999999,4786.806741807705,-134.95488980770642,-0.17737363233888245,0.0285981500710335,134.95488980770642,0.0008178541874853534,18212.822283010184,0.0928034786711204,7.14548821280235e-05,-0.029011003381305973,-2.9011003381305973
2002,419001,8.452340989299264,8.472632528420293,-0.02029153912102899,4686.029850999997,4782.087895890253,-96.0580448902565,-0.12585373496899674,0.02029153912102899,96.0580448902565,0.00041174655990024997,9227.147988138533,0.10469287206869851,4.1667508383274625e-05,-0.02049881198895004,-2.0498811988950036
2003,419001,8.449678144979156,8.511740580851068,-0.06206243587191196,4673.568281999998,4972.811139670246,-299.24285767024776,-0.3849283836561865,0.06206243587191196,299.24285767024776,0.003851745946355184,89546.28786665616,0.10337373517216195,0.00038374210386512447,-0.06402877621854074,-6.402877621854073
2004,419001,8.480696924099686,8.503576551958883,-0.02287962785919717,4820.808463999997,4932.378238114279,-111.56977411428215,-0.14190577676764501,0.02287962785919717,111.56977411428215,0.0005234773709753513,12447.814495911944,0.09315202169318225,4.594261821393275e-05,-0.023143374176228675,-2.3143374176228675
2005,419001,8.38319064095715,8.512987184868336,-0.129796543911187,4372.939170000001,4979.014131548074,-606.0749615480736,-0.8050340459566828,0.129796543911187,606.0749615480736,0.016847142811288695,367326.8590154989,0.09172582987289114,0.0014513712026559872,-0.13859670532487045,-13.859670532487044
2006,419001,8.51437870807111,8.50877523793835,0.00560347013276008,4985.947368,4958.086891413054,27.86047658694588,0.0347542707721086,0.00560347013276008,27.86047658694588,3.139887752873427e-05,776.2061556517594,0.09104550998586922,2.6809141036513015e-06,0.0055877999767417275,0.5587799976741727
2007,419001,8.583914849836992,8.51205792169139,0.07185692814560163,5344.989450999999,4974.389466156554,370.5999848434449,0.44567653230161647,0.07185692814560163,370.5999848434449,0.005163418122522155,137344.34876596156,0.09105843568476135,0.0004409405863881071,0.06933596188372439,6.933596188372439
2008,419001,8.583417223469374,8.504664551180955,0.07875267228841842,5342.330304999995,4937.747582191743,404.5827228082517,0.488445843716968,0.07875267228841842,404.5827228082517,0.006201983392567027,163687.1795949386,0.09497803155555667,0.0005572242943810016,0.07573150661043825,7.573150661043824
2009,419001,8.562687049495146,8.494657186000097,0.06802986349504891,5232.722884,4888.580167434628,344.1427165653722,0.4219400193950759,0.06802986349504891,344.1427165653722,0.0046280623271549885,118434.20936499411,0.09699476639901172,0.0004265416925719379,0.06576742628921761,6.576742628921761
2010,419001,8.55749121944202,8.54865305912506,0.008838160316960497,5205.605055999999,5159.7997992350265,45.80525676497291,0.05481671348387322,0.008838160316960497,45.80525676497291,7.811307778829527e-05,2098.1215473050966,0.09291229087540198,6.8342817003273995e-06,0.008799218586930179,0.8799218586930179
2011,419001,8.56014298999496,8.529595787539765,0.030547202455194267,5219.427445000003,5062.399136387466,157.02830861253733,0.18946219401642667,0.030547202455194267,157.02830861253733,0.0009331315778386267,24657.889705714264,0.0990189953504366,8.819107870381225e-05,0.03008535136607062,3.0085351366070623
2001,610322,8.229809203599483,8.394989811994925,-0.1651806083954419,3751.117983999999,4424.841829223522,-673.7238452235229,-1.024495795366921,0.1651806083954419,673.7238452235229,0.027284633389888333,453903.81962276937,0.05079686145020383,0.001191876326033235,-0.17960614624685797,-17.960614624685796
2002,610322,8.201634051174473,8.419964029708746,-0.21832997853427294,3646.904669999997,4536.740264388173,-889.8355943881761,-1.3541428814417966,0.21832997853427294,889.8355943881761,0.04766797952677608,791807.3850401586,0.04857641187930214,0.001981978183823474,-0.24399749236883037,-24.399749236883036
2003,610322,8.370885688936204,8.427311604939469,-0.056425916003265186,4319.460067000003,4570.197067452915,-250.73700045291207,-0.3499691292859255,0.056425916003265186,250.73700045291207,0.003183883996807538,62869.04339612363,0.048680449769478495,0.00013269467548075476,-0.058048227455209836,-5.804822745520983
2004,610322,8.302090125092736,8.404611959889516,-0.10252183479678045,4032.291585999998,4467.623808899423,-435.33222289942523,-0.6358687602793816,0.10252183479678045,435.33222289942523,0.010510726610098343,189514.14429455486,0.05037379492743812,0.00045491111788773853,-0.10796149375974852,-10.796149375974853
2005,610322,8.406985528408317,8.43853801042962,-0.03155248202130245,4478.240614999998,4621.793029603589,-143.5524146035914,-0.19569721578230204,0.03155248202130245,143.5524146035914,0.0009955591217046145,20607.2957385214,0.0473059955082982,4.020415143105504e-05,-0.03205553853510202,-3.205553853510202
2006,610322,8.483322108448794,8.456571028591048,0.026751079857746163,4833.480601,4705.893924678912,127.58667632108791,0.16591759227678168,0.026751079857746163,127.58667632108791,0.0007156202735555125,16278.359974662053,0.04991593147302495,3.066142015411745e-05,0.026396439099122787,2.639643909912279
2007,610322,8.482653273890495,8.446958789586391,0.035694484304103824,4830.2488829999975,4660.876453506242,169.3724294937556,0.2213870589445899,0.035694484304103824,169.3724294937556,0.0012740962097359144,28687.01987261721,0.046401687489040916,5.037320375881259e-05,0.035064948742053396,3.5064948742053397
2008,610322,8.46610323656433,8.439692837868272,0.02641039869605777,4750.965961000004,4627.133486069264,123.83247493074032,0.16380459353497473,0.02641039869605777,123.83247493074032,0.0006975091592847298,15334.481847472429,0.04662688595049748,2.7723946234804614e-05,0.026064694200561164,2.6064694200561163
2009,610322,8.527998854981927,8.475600219880373,0.05239863510155374,5054.321277999999,4796.300736531871,258.0205414681286,0.32499081984243794,0.05239863510155374,258.0205414681286,0.0027456169605057793,66574.59981950627,0.04634816689045469,0.00010841449157332574,0.05104949354747541,5.104949354747541
2010,610322,8.488658304434505,8.469327304023947,0.01933100041055802,4859.341940000001,4766.308114535963,93.03382546403827,0.11989620835782931,0.01933100041055802,93.03382546403827,0.0003736875768729943,8655.292680473136,0.04652051058929213,1.4815794466007793e-05,0.01914535478522803,1.9145354785228028
2011,610322,8.4897942172559,8.4346718497917,0.055122367464200295,4864.864864999998,4603.958932272626,260.9059327273717,0.34188416089707235,0.055122367464200295,260.9059327273717,0.003038475394858327,68071.9057323398,0.05404168068107114,0.00014217888074611639,0.05363066394802558,5.363066394802558
2012,610322,8.517084637724498,8.476006917089412,0.04107772063508541,4999.457260999996,4798.251775369262,201.20548563073407,0.25477537879720813,0.04107772063508541,201.20548563073407,0.001687379132574122,40483.64744789954,0.04772216585179685,6.88018301745295e-05,0.040245465682906705,4.0245465682906705
2013,610322,8.59675563799826,8.506777887406367,0.08997775059189372,5414.065877,4948.193737260212,465.8721397397876,0.5580668823866151,0.08997775059189372,465.8721397397876,0.008095995601577031,217036.85058572819,0.0476014387460063,0.0003291905836072668,0.08604848007463349,8.60484800746335
2014,610322,8.477970257092489,8.470147458004881,0.007822799087607635,4807.681628999997,4770.218824583451,37.46280441654562,0.048519162455605544,0.007822799087607635,37.46280441654562,6.119618556507484e-05,1403.4617147523502,0.04766280534604744,2.4918218090411707e-06,0.007792280626605869,0.7792280626605869
2015,610322,8.491369936330464,8.491172274507356,0.00019766182310831937,4872.536567999998,4871.573548718014,0.9630192819840886,0.0012259532680388243,0.00019766182310831937,0.9630192819840886,3.907019631450454e-08,0.9274061374731496,0.04706327787612121,1.5688960195020382e-09,0.0001976422892972507,0.01976422892972507
2016,610322,8.4882947125772,8.4872079993979,0.001086713179301313,4857.575443999999,4852.299519972856,5.275924027143446,0.0067400955461956995,0.001086713179301313,5.275924027143446,1.1809455340671676e-06,27.83537434018952,0.049561453057748714,5.020192120249225e-08,0.0010861229203676466,0.10861229203676466
2017,610322,8.463298290520175,8.501790957208673,-0.038492666688497934,4737.658429999999,4923.57886781891,-185.92043781891152,-0.2387421596148733,0.038492666688497934,185.92043781891152,0.0014816853887917986,34566.40919877575,0.050071258085604295,6.370257201342619e-05,-0.03924310723660836,-3.924310723660836
2018,610322,8.524690810095892,8.557513746481584,-0.032822936385692,5037.628981000003,5205.7223241918955,-168.09334319189293,-0.203576924951351,0.032822936385692,168.09334319189293,0.001077345152979184,28255.372025427496,0.0548655725954618,5.126986032128546e-05,-0.033367551247993114,-3.3367551247993115
2019,610322,8.582087301886927,8.51882843857843,0.06325886330849784,5335.230147000001,5008.182924539576,327.0472224604255,0.39234895735518543,0.06325886330849784,327.0472224604255,0.0040016837870832135,106959.88571907903,0.0482970106054502,0.00016533114500509073,0.06129955286827206,6.129955286827206
2020,610322,8.619256064923935,8.513923535815964,0.10533252910797053,5537.265494999997,4983.678419512843,553.5870754871539,0.6533014633784181,0.10533252910797053,553.5870754871539,0.011094941688281458,306458.6501464199,0.04876336845282792,0.0004632720631190431,0.09997481175266533,9.997481175266532
2021,610322,8.6344633158228,8.536528034394372,0.09793528142842689,5622.115614000002,5097.614857887504,524.5007561124985,0.6074216883939515,0.09793528142842689,524.5007561124985,0.009591319348465178,275101.0431625826,0.05156832798655554,0.0004260335756165005,0.09329241732532224,9.329241732532225
2022,610322,8.557528001809576,8.534598863979436,0.022929137830139723,5205.796534000003,5087.7901699126605,118.00636408734226,0.14221285129383848,0.022929137830139723,118.00636408734226,0.0005257453616335446,13925.501965114381,0.04904815671325222,2.2094064301453683e-05,0.022668262832905833,2.2668262832905834
2001,610323,8.245427987908656,8.470735571729747,-0.22530758382109184,3810.1658140000022,4773.025080862837,-962.8592668628348,-1.397419918301731,0.22530758382109184,962.8592668628348,0.05076350732729833,927097.9677836358,0.0509876047988367,0.002226727045427903,-0.2527079696439779,-25.27079696439779
2002,610323,8.180344789893878,8.508615978372429,-0.32827118847855097,3570.085377999999,4957.297331521082,-1387.2119535210832,-2.036028657378755,0.32827118847855097,1387.2119535210832,0.10776197318512033,1924357.0039917799,0.0486522655306966,0.004488327607237296,-0.3885654841952868,-38.85654841952868
2003,610323,8.19185425540605,8.499815670486269,-0.3079614150802197,3611.4125229999986,4913.862986839031,-1302.4504638390322,-1.910061828381293,0.3079614150802197,1302.4504638390322,0.09484023317821136,1696377.21075451,0.04759958077165552,0.0038561250330257364,-0.36064848741153704,-36.0648487411537
2004,610323,8.357024439263416,8.498109508448369,-0.14108506918495323,4259.999999999999,4905.486288385936,-645.4862883859369,-0.8750486002751898,0.14108506918495323,645.4862883859369,0.01990499674692304,416652.54849425284,0.047523728972249844,0.0008079022427569811,-0.15152260290749694,-15.152260290749695
2005,610323,8.418518348977788,8.503854517698834,-0.08533616872104588,4530.1863250000015,4933.749460848596,-403.56313584859436,-0.5292785085167792,0.08533616872104588,403.56313584859436,0.007282261691986809,162863.20461595102,0.04968479466904528,0.00031041946548308674,-0.08908312084682173,-8.908312084682173
2006,610323,8.588485925417427,8.5104625282227,0.07802339719472684,5369.477727999996,4966.459684934069,403.0180430659275,0.48392267798697985,0.07802339719472684,403.0180430659275,0.006087650509806108,162423.54303668978,0.05435251332545881,0.00028668523079750303,0.07505721477609,7.505721477609
2007,610323,8.683159190975605,8.494324180536857,0.18883501043874773,5902.664811999999,4886.952514555077,1015.7122974449221,1.1712069358009711,0.18883501043874773,1015.7122974449221,0.03565866116740196,1031671.4711808419,0.04998118611820935,0.0015300361843504269,0.17207690590527847,17.207690590527847
2008,610323,8.599873783764565,8.506757881152028,0.09311590261253677,5430.974071000003,4948.09474342804,482.8793275719636,0.5775305687212376,0.09311590261253677,482.8793275719636,0.008670571319347432,233172.44499635173,0.046922889626816844,0.0003470331061492276,0.08891210329108627,8.891210329108628
2009,610323,8.536575304426323,8.52689084385525,0.009684460571072862,5097.855827999997,5048.724135207051,49.131692792945614,0.060065701608922405,0.009684460571072862,49.131692792945614,9.37887765526649e-05,2413.923236700384,0.046104235336182214,3.6820050115518595e-06,0.009637717199276127,0.9637717199276128
2010,610323,8.586234342857693,8.525243916917386,0.06099042594030735,5357.401506000002,5040.416098669391,316.98540733061054,0.37827948171673337,0.06099042594030735,316.98540733061054,0.003719832056380115,100479.74846055308,0.053548766067015016,0.00017229427191952824,0.05916775268301319,5.916775268301319
2011,610323,8.591386441490837,8.50328889674785,0.08809754474298614,5385.074592999999,4930.95961785784,454.114975142159,0.5464053259524685,0.08809754474298614,454.114975142159,0.007761177389742446,206220.41064836367,0.051345164441658625,0.0003430877656399155,0.08432844657945095,8.432844657945095
2012,610323,8.590065692146487,8.538265686494674,0.05180000565181331,5377.966953999995,5106.480439469313,271.48651453068214,0.3212779545115774,0.05180000565181331,271.48651453068214,0.0026832405855278904,73704.92757201829,0.049866467414306614,0.00011484007001266416,0.050481253762401306,5.04812537624013
2013,610323,8.675002719771854,8.574801729731046,0.10020099004080762,5854.715709999997,5296.50119539103,558.214514608967,0.6214742395345413,0.10020099004080762,558.214514608967,0.010040238405158029,311603.4443201246,0.04760395114814901,0.0004082689748616835,0.09534442699848313,9.534442699848313
2014,610323,8.607361136747912,8.537657454048063,0.06970368269984917,5471.7903030000025,5103.375456749384,368.4148462506182,0.43232150880948095,0.06970368269984917,368.4148462506182,0.004858603381921252,135729.49893786665,0.04673616917445835,0.00019361225882082148,0.06732985473668983,6.7329854736689825
2015,610323,8.57401461035756,8.555199479305076,0.018815131052484446,5292.333856999995,5193.688821627787,98.64503537220844,0.11669664399347145,0.018815131052484446,98.64503537220844,0.00035400915652216444,9730.843003584254,0.04626566841160528,1.3951246943516585e-05,0.018639231393487,1.8639231393487
2016,610323,8.57118193684947,8.557663572853444,0.013518363996025684,5277.363615999998,5206.502337112435,70.86127888756255,0.08384463048478548,0.013518363996025684,70.86127888756255,0.0001827461651290435,5021.320845580918,0.04629123295645396,7.206261087182677e-06,0.013427401263904605,1.3427401263904606
2017,610323,8.548197037040664,8.556104305550296,-0.007907268509631749,5157.447352999996,5198.3903342883605,-40.942981288364535,-0.04904306516150674,0.007907268509631749,40.942981288364535,6.252489528341389e-05,1676.3277167793685,0.05082864180289194,2.7331706662648584e-06,-0.007938613520610874,-0.7938613520610874
2018,610323,8.610174369746371,8.609604457372626,0.0005699123737450407,5487.205396999997,5484.079061700171,3.1263352998257687,0.0035347540870632067,0.0005699123737450407,3.1263352998257687,3.2480011374770694e-07,9.773972406936679,0.051476641956321886,1.439875170910641e-08,0.0005697500045350991,0.056975000453509915
2019,610323,8.662291021631244,8.574078952517386,0.08821206911385815,5780.763357000005,5292.674388146012,488.0889688539937,0.5471156377594363,0.08821206911385815,488.0889688539937,0.007781369137348087,238230.84151695485,0.04734997593588206,0.0003145600299204512,0.08443330728336425,8.443330728336425
2020,610323,8.686623711349748,8.60366015341759,0.0829635579321586,5923.150179999997,5451.5767264291235,471.5734535708734,0.5145629205257356,0.0829635579321586,471.5734535708734,0.006882951944762635,222381.52211276072,0.04929329836481382,0.00029084662469327117,0.07961531266979857,7.961531266979857
2021,610323,8.70847845026097,8.61936814294107,0.0891103073198991,6054.023977999999,5537.886135516459,516.1378424835402,0.5526867594199392,0.0891103073198991,516.1378424835402,0.007940646870646864,266398.2724435638,0.057339103327360294,0.0003969998274882975,0.08525533502330973,8.525533502330973
2022,610323,8.685998829306357,8.62377089719178,0.06222793211457578,5919.450066000004,5562.321839968083,357.12822603192126,0.38595483710253903,0.06222793211457578,357.12822603192126,0.0038723155352562515,127540.56982870704,0.051427194095807795,0.00017148129335446588,0.060331318289715094,6.033131828971509
2001,610324,8.479485751838714,8.549449421178197,-0.06996366933948295,4814.973168999998,5163.910504584549,-348.93733558455096,-0.4339340178185211,0.06996366933948295,348.93733558455096,0.004894915027444506,121757.26416484553,0.05261360082914174,0.00022232249807713116,-0.07246921703138386,-7.246921703138385
2002,610324,8.469620164244962,8.58214301353372,-0.11252284928875866,4767.704180999997,5335.527389737373,-567.8232087373754,-0.6978978168131027,0.11252284928875866,567.8232087373754,0.012661391612060697,322423.19638080895,0.04840939175127862,0.0005244514560466785,-0.119097827210051,-11.909782721005099
2003,610324,8.57581110447996,8.587588902192865,-0.011777797712904103,5301.850049000002,5364.66334140533,-62.81329240532796,-0.07304915723924259,0.011777797712904103,62.81329240532796,0.00013871651896608911,3945.5097027972306,0.04807138789313273,5.701650651228468e-06,-0.011847429071890738,-1.1847429071890738
2004,610324,8.641855988394541,8.590151507809706,0.05170448058483501,5663.8320820000035,5378.428487604046,285.40359439595795,0.32068548163947663,0.05170448058483501,285.40359439595795,0.0026733533125475805,81455.21169413248,0.04765242270167563,0.00010882906661401545,0.05039054658823442,5.039054658823442
2005,610324,8.646670881253456,8.607411935852685,0.03925894540077124,5691.168584999997,5472.068272109133,219.10031289086328,0.24349483201648944,0.03925894540077124,219.10031289086328,0.0015412647939807371,48004.94710887419,0.05194706022181732,6.901882748199105e-05,0.03849829953523744,3.8498299535237437
2006,610324,8.63312725762608,8.610322901174696,0.022804356451384677,5614.609156000004,5488.020479986346,126.58867601365819,0.14143892268855943,0.022804356451384677,126.58867601365819,0.0005200386731618099,16024.692894890919,0.04711735280737352,2.0908949322389986e-05,0.022546302422205164,2.2546302422205162
2007,610324,8.643137067048567,8.60118247159152,0.041954595457047716,5671.092545999999,5438.0861734010905,233.00637259890846,0.26021399884401675,0.041954595457047716,233.00637259890846,0.001760188079964529,54291.96967170136,0.04626450952706763,6.93658435970314e-05,0.04108668139497304,4.108668139497304
2008,610324,8.614775018166677,8.586511983227043,0.028263034939634224,5512.508259999998,5358.889143437427,153.61911656257053,0.17529515565558754,0.028263034939634224,153.61911656257053,0.0007987991439989849,23598.83297346463,0.04706356229388546,3.2076652727255535e-05,0.02786737167856336,2.786737167856336
2009,610324,8.605203379361424,8.607135409804988,-0.0019320304435641589,5459.996235999999,5470.555311893212,-10.559075893213048,-0.011982986896463007,0.0019320304435641589,10.559075893213048,3.7327416348587206e-06,111.49408371863294,0.045861356464612306,1.4569558042415542e-07,-0.0019338980169240267,-0.19338980169240266
2010,610324,8.642935734426784,8.611855799148845,0.03107993527793873,5669.950884999996,5496.439506568034,173.51137843196193,0.19276635025036576,0.03107993527793873,173.51137843196193,0.0009659623768808604,30106.198445359503,0.046565382273709655,3.833858443017903e-05,0.030601919126141082,3.0601919126141084
2011,610324,8.710372077846602,8.583638986509854,0.1267330913367477,6065.498905999997,5343.515167786214,721.983738213783,0.7860336662371368,0.1267330913367477,721.983738213783,0.016061276439768436,521260.51824514836,0.050322917303140716,0.0006943660419701339,0.11903122058098074,11.903122058098074
2012,610324,8.695005496130525,8.6304144785045,0.06459101762602515,5973.0053960000005,5599.398602270154,373.6067937298467,0.40061134668976955,0.06459101762602515,373.6067937298467,0.0041719995579654915,139582.0363210962,0.04622535531597078,0.00016425836222906993,0.06254921416612876,6.254921416612875
2013,610324,8.745322739484074,8.664486415442603,0.08083632404147068,6281.240296999998,5793.468350227735,487.7719467722627,0.5013692278886771,0.08083632404147068,487.7719467722627,0.00653451128453765,237921.4720580031,0.04814050201290871,0.00026901255775080936,0.07765535526561991,7.765535526561991
2014,610324,8.593806605099907,8.643410251637558,-0.04960364653765126,5398.123138000001,5672.642012721887,-274.5188747218863,-0.3076555281297351,0.04960364653765126,274.5188747218863,0.0024605217498322417,75360.6125785707,0.04593759117085857,9.621358120124639e-05,-0.05085450400147694,-5.0854504001476935
2015,610324,8.601686756910388,8.63851031175227,-0.03682355484188271,5440.829211999995,5644.91439517532,-204.08518317532526,-0.2283898665372217,0.03682355484188271,204.08518317532526,0.0013559741911931436,41650.761991706066,0.04670813540726798,5.399912253736386e-05,-0.037509941081261315,-3.7509941081261315
2016,610324,8.596431665195759,8.641501727672866,-0.04507006247710699,5412.312151000003,5661.825964124551,-249.5138131245485,-0.27953698653403614,0.04507006247710699,249.5138131245485,0.0020313105316903273,62257.142939952115,0.046735230661459314,8.094464962157873e-05,-0.04610114977911007,-4.610114977911007
2017,610324,8.574016616464817,8.643953682700745,-0.06993706623592821,5292.344474000003,5675.725540368411,-383.381066368408,-0.43376901801618173,0.06993706623592821,383.381066368408,0.00489119323368861,146981.0420497777,0.05320074619615551,0.0002249112879990878,-0.07244068640124725,-7.244068640124725
2018,610324,8.623754860420465,8.705537508696107,-0.08178264827564163,5562.232639000003,6036.245602643912,-474.01296364390964,-0.507238592388419,0.08178264827564163,474.01296364390964,0.00668840155897731,224688.2897024824,0.05274424677383172,0.00030461932608454175,-0.0852199097751383,-8.52199097751383
2019,610324,8.658609524011165,8.667601158966297,-0.008991634955132,5759.520616999999,5811.541650487103,-52.02103348710352,-0.05576860561594326,0.008991634955132,52.02103348710352,8.084949916635164e-05,2706.187925066346,0.047515456922742935,3.280884129708362e-06,-0.009032181139096273,-0.9032181139096273
2020,610324,8.676195588776078,8.659261586779097,0.01693400199698125,5861.703786,5763.277410655004,98.4263753449959,0.10502936157681005,0.01693400199698125,98.4263753449959,0.000286760423633765,9687.751363554018,0.04812087420479087,1.180004430383421e-05,0.016791427704019417,1.6791427704019417
2021,610324,8.675547159722148,8.685493214888295,-0.00994605516614655,5857.904118999999,5916.457863213818,-58.5537442138193,-0.061688183602099884,0.00994605516614655,58.5537442138193,9.892401336803048e-05,3428.5409614573773,0.049925149700164886,4.2393569143157584e-06,-0.0099956815653403,-0.99956815653403
2022,610324,8.671042426727949,8.676851194566241,-0.005808767838292539,5831.575172000003,5865.5480129533535,-33.9728409533509,-0.03602758389378545,0.005808767838292539,33.9728409533509,3.3741783799181775e-05,1154.1539224416758,0.048803275509840385,1.4101679495285909e-06,-0.005825671444049917,-0.5825671444049917
2001,610326,8.375045386874111,8.481008059102251,-0.10596267222813971,4337.465137999999,4822.308619617171,-484.8434816171721,-0.657209785204835,0.10596267222813971,484.8434816171721,0.01122808790572817,235073.20166666107,0.052549210911320296,0.0005092759899673403,-0.11178037544775125,-11.178037544775126
2002,610326,8.340994860551811,8.514158576227958,-0.17316371567614652,4192.258379999998,4984.849923011749,-792.5915430117502,-1.0740092335512945,0.17316371567614652,792.5915430117502,0.029985672426769312,628201.3540537471,0.0503280211020859,0.0012964952234889898,-0.18906075703562683,-18.90607570356268
2003,610326,8.302696621469089,8.501790582011283,-0.19909396054219464,4034.7378979999994,4923.577020505318,-888.8391225053183,-1.2348357803000716,0.19909396054219464,888.8391225053183,0.039638405124376955,790034.9856960243,0.05022057517919002,0.0017098061007320036,-0.2202966202453725,-22.02966202453725
2004,610326,8.343759483141934,8.502074470402958,-0.1583149872610239,4203.864428,4924.9749652877135,-721.1105372877137,-0.9819133151767848,0.1583149872610239,721.1105372877137,0.025063635191458156,520000.4069873751,0.05013352117994653,0.0010790502474159393,-0.1715351552454283,-17.153515524542833
2005,610326,8.423887632356479,8.539587476999579,-0.11569984464309968,4554.575597000002,5113.2345996367085,-558.6590026367066,-0.7176024202410705,0.11569984464309968,558.6590026367066,0.013386454050437402,312099.8812270398,0.0494990873059266,0.0005682666753421981,-0.12265884948856332,-12.265884948856332
2006,610326,8.364213717226484,8.540690005458867,-0.17647628823238293,4290.736679000003,5118.87519518901,-828.1385161890066,-1.094554724264027,0.17647628823238293,828.1385161890066,0.031143880308279095,685813.4019957295,0.04721155469199918,0.0012549389029228187,-0.1930061381398991,-19.300613813989912
2007,610326,8.492063934885774,8.556871502422853,-0.06480756753707873,4875.919274999999,5202.380053349458,-326.46077834945845,-0.40195444910061884,0.06480756753707873,326.46077834945845,0.0042000208100730204,106576.63980053423,0.04674792743415115,0.00016741439945473029,-0.06695368810211864,-6.695368810211864
2008,610326,8.483534679859087,8.521566562256526,-0.03803188239743882,4834.508170000005,5021.914739914587,-187.40656991458218,-0.23588424806371197,0.03803188239743882,187.40656991458218,0.0014464240786926168,35121.22244714918,0.04825979981895314,5.9708870237315096e-05,-0.03876435064843049,-3.8764350648430494
2009,610326,8.492671451921227,8.550546943652082,-0.05787549173085438,4878.882379000001,5169.581123663183,-290.69874466318197,-0.3589597986653831,0.05787549173085438,290.69874466318197,0.0033495725430881937,84505.76014874986,0.04608688877669293,0.00013144487716306368,-0.059583060644057786,-5.958306064405779
2010,610326,8.546028326048287,8.565937241646564,-0.019908915598277233,5146.2744600000005,5249.757907401661,-103.48344740166067,-0.12348059810943744,0.019908915598277233,103.48344740166067,0.0003963649202993265,10708.82388613227,0.04904668447124011,1.665639432774483e-05,-0.020108419829917245,-2.0108419829917246
2011,610326,8.64826475744643,8.525913528816302,0.12235122863012826,5700.246836000004,5043.792351527938,656.4544844720658,0.7588561424199366,0.12235122863012826,656.4544844720658,0.014969823147301917,430932.4901834857,0.05220822633878708,0.0006740998977564934,0.11516246635605612,11.516246635605611
2012,610326,8.64487217299261,8.575754893634906,0.06911727935770351,5680.941034,5301.55203590426,379.38899809574013,0.4286844731776766,0.06911727935770351,379.38899809574013,0.004777198305810828,143936.0118760895,0.04609233981015397,0.00018749248889004538,0.06678277345691952,6.678277345691952
2013,610326,8.72014460760194,8.61028577976871,0.10985882783323042,6125.064754999999,5487.8167607312425,637.2479942687569,0.6813748193107442,0.10985882783323042,637.2479942687569,0.012068962052891364,406085.0061995536,0.054554989282984995,0.0005707243079396538,0.10403938893030641,10.403938893030642
2014,610326,8.73331155901185,8.619798785231414,0.11351277378043712,6206.24647,5540.271497067434,665.9749729325658,0.704037602162648,0.11351277378043712,665.9749729325658,0.012885149811328692,443522.6645725318,0.051071369472381486,0.0005662319849655566,0.10730720672338458,10.730720672338458
2015,610326,8.650338291914563,8.620474949834263,0.029863342080300725,5712.078757000002,5544.018899331531,168.0598576684706,0.18522070292675094,0.029863342080300725,168.0598576684706,0.0008918192002050601,28244.1157595466,0.049502080835289904,3.786103260326232e-05,0.02942183832155985,2.942183832155985
2016,610326,8.647727130085846,8.607592481032148,0.04013464905369801,5697.183051000004,5473.056316848028,224.12673415197605,0.2489261881491848,0.04013464905369801,224.12673415197605,0.0016107900546635029,50232.79296163055,0.04792743134589222,6.598990616839737e-05,0.03933992152711962,3.9339921527119617
2017,610326,8.62643565035297,8.605305680744877,0.021129969608093546,5577.163820999999,5460.554829740561,116.60899125943797,0.13105391262331748,0.021129969608093546,116.60899125943797,0.0004464756156389569,13597.656842543682,0.0516949325983862,1.9885847192915346e-05,0.020908295865429624,2.0908295865429625
2018,610326,8.673713873482479,8.659505566455358,0.01420830702712017,5847.174742000003,5764.683704758473,82.49103724152974,0.08812384788969313,0.01420830702712017,82.49103724152974,0.00020187598857691243,6804.771225183446,0.05517192168732777,9.666999975285602e-06,0.014107845392237073,1.4107845392237073
2019,610326,8.724222251096206,8.622920821414944,0.10130142968126243,6150.091575999997,5557.595454086648,592.4961219133493,0.6282994703873183,0.10130142968126243,592.4961219133493,0.010261979655467757,351051.6544823584,0.04798805779787703,0.0004209922027145011,0.09633939829863593,9.633939829863593
2020,610326,8.747905544865256,8.597071481074684,0.15083406379057251,6297.484487000004,5415.776142296059,881.7083447039449,0.9355145598059901,0.15083406379057251,881.7083447039449,0.022750914799578498,777409.6051205706,0.05180112461253007,0.0010156257490730543,0.14000960963446107,14.000960963446108
2021,610326,8.753189718454829,8.612010422838395,0.14117929561643372,6330.849564,5497.2894520330865,833.5601119669136,0.8756330186509419,0.14117929561643372,833.5601119669136,0.019931593510752382,694822.4602622936,0.0495049570929771,0.0008462243533846658,0.13166639067004587,13.166639067004587
2022,610326,8.804169550711055,8.608325391323158,0.19584415938789768,6661.963571999996,5477.06904645171,1184.8945255482859,1.214679615174531,0.19584415938789768,1184.8945255482859,0.03835493476635227,1403975.0366742974,0.04989845532674385,0.0016427172740686412,0.17785965244967067,17.785965244967066
2001,610404,8.364048604441125,8.387572867149336,-0.02352426270821084,4290.028282000003,4392.144428726867,-102.11614672686392,-0.14590398030241125,0.02352426270821084,102.11614672686392,0.0005533909359649192,10427.7074223424,0.06787285385112193,3.3494412306999294e-05,-0.02380314068215363,-2.380314068215363
2002,610404,8.310178295247647,8.430358582002151,-0.1201802867545041,4065.0376960000003,4584.14358966599,-519.1058936659892,-0.7453913607777816,0.1201802867545041,519.1058936659892,0.014443301324394833,269470.9288387653,0.06468747312803791,0.000827499383343009,-0.12770014265225382,-12.770014265225383
2003,610404,8.302757096431293,8.41963225638341,-0.11687515995211761,4034.9819059999977,4535.235344644392,-500.25343864439446,-0.7248920506887112,0.11687515995211761,500.25343864439446,0.013659803013833077,250253.50287554093,0.06459211660104967,0.000781297479640384,-0.123979103326466,-12.3979103326466
2004,610404,8.460617019170162,8.39928734752535,0.06132967164481151,4724.972496999999,4443.89866358275,281.07383341724926,0.38038357735626965,0.06132967164481151,281.07383341724926,0.003761328624060397,79002.4998318676,0.06539826212821866,0.00021819703279471196,0.05948687184861075,5.9486871848610745
2005,610404,8.480434033221156,8.438999209804185,0.0414348234169708,4819.5412840000035,4623.925089272718,195.6161947272858,0.2569902289670269,0.0414348234169708,195.6161947272858,0.0017168445915955518,38265.6956395834,0.06440887733418985,9.788114737125584e-05,0.0405881355092228,4.05881355092228
2006,610404,8.525516989488796,8.442507910518032,0.0830090789707647,5041.792686,4640.177554378534,401.6151316214655,0.5148452545908885,0.0830090789707647,401.6151316214655,0.006890507191574651,161294.71394732705,0.06493194987306011,0.0003964767467520459,0.07965720858310307,7.965720858310307
2007,610404,8.487481903551352,8.458504874112856,0.02897702943849545,4853.628767000003,4715.003201699669,138.62556530033362,0.1797235469123098,0.02897702943849545,138.62556530033362,0.000839668235079432,19217.04735483706,0.08019921142232633,6.167153939765961e-05,0.02856122129546739,2.856122129546739
2008,610404,8.503112648815051,8.445952299845189,0.05716034896986244,4930.090622999998,4656.187689163199,273.9029338367991,0.35452428556950355,0.05716034896986244,273.9029338367991,0.003267305494356454,75022.81716440595,0.06403056062215282,0.00018503259185055998,0.05555738317648349,5.555738317648349
2009,610404,8.585772222189599,8.473763950289857,0.11200827189974127,5354.926311999999,4787.501516684817,567.4247953151817,0.6947062655979799,0.11200827189974127,567.4247953151817,0.01254585297396637,321970.8983384758,0.0639503971126968,0.000709480126626724,0.1059631379135179,10.59631379135179
2010,610404,8.56025860384765,8.464635747502783,0.09562285634486756,5220.030918000005,4743.999083578939,476.0318344210664,0.593079388784932,0.09562285634486756,476.0318344210664,0.009143730655551177,226606.30738228557,0.06787464489814328,0.0005534480661917942,0.09119329787484334,9.119329787484334
2011,610404,8.486622492768166,8.429803933094911,0.05681855967325511,4849.459298,4581.6017044254495,267.85759357455026,0.3524044138685994,0.05681855967325511,267.85759357455026,0.003228348723343252,71747.69043554895,0.06559755789180198,0.00018792939029360314,0.055234527627651055,5.523452762765105
2012,610404,8.497341497180296,8.458948077701912,0.038393419478383706,4901.720266000003,4717.093371192167,184.62689480783592,0.23812660098210384,0.038393419478383706,184.62689480783592,0.0014740546592431334,34087.09028638371,0.06436984357815397,8.398121268115224e-05,0.037665734637790486,3.7665734637790487
2013,610404,8.400168983477263,8.494832495849243,-0.09466351237198012,4447.818291999999,4889.437258812403,-441.6189668124043,-0.5871292722665279,0.09466351237198012,441.6189668124043,0.008961180574600033,195027.31184845546,0.06444796043680745,0.0005112496564194236,-0.09928889577317392,-9.928889577317392
2014,610404,8.413968377966459,8.483068844085146,-0.06910046611868736,4509.620930000002,4832.256607614878,-322.63567761487593,-0.42858019282149035,0.06910046611868736,322.63567761487593,0.0047748744178198604,104093.78047001016,0.06419252147879728,0.0002711863888985773,-0.07154385759312054,-7.154385759312055
2015,610404,8.413968377966459,8.486955313515935,-0.07298693554947633,4509.620930000002,4851.073567286088,-341.45263728608643,-0.4526851505967593,0.07298693554947633,341.45263728608643,0.005327092760903412,116589.9035096237,0.06480473483642032,0.00030583481393875786,-0.07571648317812962,-7.571648317812962
2016,610404,8.431663124236206,8.509086560617666,-0.07742343638146032,4590.127701,4959.630696606687,-369.50299560668645,-0.4802015551714919,0.07742343638146032,369.50299560668645,0.005994388501114034,136532.46376231496,0.06621677408199537,0.0003527079847658153,-0.08049950233981223,-8.049950233981223
2001,610423,8.363801353129228,8.42501829839252,-0.06121694526329158,4288.967697999997,4559.728213331321,-270.7605153313243,-0.3796844171762949,0.06121694526329158,270.7605153313243,0.003747514387368837,73311.2566624843,0.05328444905236542,0.00017262324995703866,-0.06312953008659486,-6.312953008659486
2002,610423,8.34569757908325,8.46185160169091,-0.11615402260765961,4212.019821000003,4730.809467825499,-518.7896468254967,-0.7204193575290481,0.11615402260765961,518.7896468254967,0.0134917569679407,269142.6976533236,0.04959596188488615,0.0005739747710757241,-0.1231688522069508,-12.31688522069508
2003,610423,8.317281850726816,8.471962859818582,-0.15468100909176563,4094.0167220000017,4778.886553814527,-684.8698318145257,-0.9593743780035578,0.15468100909176563,684.8698318145257,0.02392621457364688,469046.6865296567,0.050129919207493746,0.0010299997122200275,-0.16728554823292327,-16.728554823292328
2004,610423,8.399538116897478,8.443306378341319,-0.04376826144384083,4445.013196999998,4643.884066418422,-198.87086941842335,-0.2714628566592227,0.04376826144384083,198.87086941842335,0.0019156607098164036,39549.62270323959,0.05052957370178799,8.319473914202893e-05,-0.04474022024336038,-4.474022024336038
2005,610423,8.425074257764948,8.478828681836276,-0.0537544240713288,4559.98338,4811.810433751124,-251.82705375112437,-0.33339979782376455,0.0537544240713288,251.82705375112437,0.0028895381072402532,63416.86500097168,0.048344654594314695,0.00011951214124806223,-0.05522543236794086,-5.522543236794086
2006,610423,8.4667415541044,8.488696960647374,-0.021955406542973677,4753.999553999999,4859.529787387147,-105.53023338714775,-0.13617350067508655,0.021955406542973677,105.53023338714775,0.00048203987646725134,11136.630158745873,0.046371552843615015,1.904455075624088e-05,-0.02219820010255469,-2.2198200102554693
2007,610423,8.564409001321055,8.509308606182831,0.055100395138223845,5241.741143000003,4960.732082882168,281.00906011783536,0.3417478824573937,0.055100395138223845,281.00906011783536,0.003036053544388402,78966.0918683092,0.051309389439495395,0.00013410704436342866,0.053609869784032406,5.360986978403241
2008,610423,8.563458846358737,8.48621471265055,0.07724413370818617,5236.763041999996,4847.482188057547,389.28085394244863,0.47908947042588024,0.07724413370818617,389.28085394244863,0.005966656192328143,151539.58324616202,0.04690636155566142,0.00023871853540410355,0.07433615972697832,7.433615972697832
2009,610423,8.586945210624293,8.521122275155651,0.06582293546864193,5361.211263999998,5019.6840635410135,341.5272004589842,0.40825204169784785,0.06582293546864193,341.5272004589842,0.004332658833709,116640.8286533512,0.04794297810177153,0.00017756121242205758,0.0637033654600231,6.37033654600231
2010,610423,8.59922174230496,8.509856728210526,0.08936501409443487,5427.434005,4963.45191474207,463.9820902579304,0.5542665212460892,0.08936501409443487,463.9820902579304,0.007986105744098543,215279.38008011828,0.04834334611101119,0.00033029782104582645,0.08548829701669129,8.54882970166913
2011,610423,8.516218805456385,8.484461000862266,0.031757804594118255,4995.1304429999955,4838.988551273182,156.1418917268138,0.19697068313774443,0.031757804594118255,156.1418917268138,0.0010085581526381986,24380.29035202805,0.04780385777021587,4.1200793174811216e-05,0.031258821668135955,3.1258821668135957
2012,610423,8.565976074987738,8.519954304973737,0.04602177001400065,5249.961777000002,5013.8246447115025,236.13713228849974,0.2854397397654104,0.04602177001400065,236.13713228849974,0.0021180033152215696,55760.745245436425,0.04802175342621939,8.695711491604469e-05,0.04497882885986194,4.4978828859861935
2013,610423,8.517513642466314,8.548710222329586,-0.031196579863271623,5001.602511999997,5160.094758356584,-158.4922463565872,-0.1934898122135266,0.031196579863271623,158.4922463565872,0.0009732265951654845,25119.79215515713,0.04758411390107578,3.955644149518178e-05,-0.03168829309732787,-3.1688293097327866
2014,610423,8.524664280795454,8.535415339683649,-0.01075105888819472,5037.495338000004,5091.94592327949,-54.450585279485495,-0.06668103921938086,0.01075105888819472,54.450585279485495,0.00011558526721743069,2964.8662372785225,0.04725773108156332,4.662501703976108e-06,-0.010809059190336355,-1.0809059190336356
2015,610423,8.524664280795454,8.5475289898666,-0.02286470907114513,5037.495338000004,5154.003085465128,-116.50774746512343,-0.14181324632003522,0.02286470907114513,116.50774746512343,0.0005227949209081063,13574.055219396974,0.04690459102005069,2.091551103331396e-05,-0.023128110230942578,-2.312811023094258
2016,610423,8.513176571788962,8.549643604175042,-0.03646703238607962,4979.957180999998,5164.91334556595,-184.95616456595235,-0.22617861571018918,0.03646703238607962,184.95616456595235,0.0013298444510473802,34208.78281094765,0.04790632721163392,5.445388704556056e-05,-0.037140111419354076,-3.7140111419354076
2017,610423,8.479474719317626,8.538720334832911,-0.05924561551528562,4814.920048,5108.8026201631565,-293.8825721631565,-0.3674576851298862,0.05924561551528562,293.8825721631565,0.0035100429577850523,86366.9662212329,0.050617445403619316,0.00015273011643031822,-0.06103581559681934,-6.103581559681934
2018,610423,8.539579732236595,8.591087991601583,-0.05150825936498826,5113.194999000003,5383.467657890826,-270.27265889082264,-0.3194684633911027,0.05150825936498826,270.27265889082264,0.002653100782810901,73047.31014391498,0.051538360126475974,0.00011777126078852961,-0.052857882193751725,-5.285788219375172
2019,610423,8.587964331991744,8.55089084089313,0.03707349109861369,5366.677774,5171.359234075096,195.31853992490414,0.2299400402931969,0.03707349109861369,195.31853992490414,0.0013744437422389883,38149.33203839637,0.04793764542409447,5.632061689906547e-05,0.03639468366652567,3.6394683666525673
2020,610423,8.628731840742926,8.551020661827117,0.07771117891580914,5589.984764999998,5172.030628340417,417.9541366595813,0.48198621391232216,0.07771117891580914,417.9541366595813,0.0060390273284849,174685.66035085596,0.04869511702815252,0.0002517720286113496,0.07476838564506919,7.476838564506918
2021,610423,8.671169052592177,8.57290104219297,0.09826801039920596,5832.313646999997,5286.443762619916,545.8698843800812,0.6094853654494559,0.09826801039920596,545.8698843800812,0.009656601867818452,297973.9306731232,0.05035326881209913,0.00041775567883956595,0.09359405502152025,9.359405502152025
2022,610423,8.649030473846093,8.563831883167333,0.08519859067875934,5704.613279999998,5238.716911782577,465.8963682174208,0.5284252114668013,0.08519859067875934,465.8963682174208,0.007258799853646779,217059.42591818253,0.04885129272034555,0.00030369564258812685,0.08167010546548757,8.167010546548758
2001,610424,8.507145939598384,8.466051586399617,0.04109435319876731,4950.015266,4750.720579162637,199.29468683736377,0.25487853855502596,0.04109435319876731,199.29468683736377,0.0016887458648250368,39718.3722016029,0.05308559446455532,7.746652213285328e-05,0.0402614287285642,4.02614287285642
2002,610424,8.494951403525013,8.50544922926184,-0.010497825736827338,4890.018685000004,4941.623645020322,-51.604960020318686,-0.06511041721148567,0.010497825736827338,51.604960020318686,0.00011020434520079443,2663.07189869869,0.048475091862275096,4.5716351034599545e-06,-0.010553121234202123,-1.0553121234202123
2003,610424,8.491875383431948,8.484379709825784,0.007495673606163322,4875.000000000001,4838.595200866473,36.404799133528286,0.04649023978996941,0.007495673606163322,36.404799133528286,5.618512281013347e-05,1325.3093999525418,0.04890575098658926,2.353578443533127e-06,0.007467651104313493,0.7467651104313493
2004,610424,8.482599982048788,8.475316904056585,0.0072830779922021804,4829.991476999998,4794.942061113776,35.04941588622205,0.045171663022803024,0.0072830779922021804,35.04941588622205,5.3043225040499744e-05,1228.4615539653546,0.05095271741289553,2.3249632601943393e-06,0.00725662064894407,0.725662064894407
2005,610424,8.371006086551676,8.518560736209992,-0.147554649658316,4319.980151000004,5006.842401547701,-686.8622505476969,-0.9151747268050096,0.147554649658316,686.8622505476969,0.021772374635788374,471779.7512274472,0.04772714993802868,0.0008878569871285639,-0.15899662186843605,-15.899662186843605
2006,610424,8.554488976159934,8.528808341471638,0.025680634688296067,5190.0,5058.414339204568,131.58566079543198,0.15927839542476963,0.025680634688296067,131.58566079543198,0.0006594949979937152,17314.786126970484,0.04685186831105087,2.6351912528522373e-05,0.025353691868098646,2.5353691868098647
2007,610424,8.606514360846942,8.529535687473237,0.07697867337370567,5467.158884000001,5062.094895005129,405.0639889948725,0.4774430120482668,0.07697867337370567,405.0639889948725,0.0059257161543756634,164076.83518043818,0.05561351156625499,0.00028629657689397444,0.07409040007604659,7.409040007604658
2008,610424,8.552173380087154,8.52182092120517,0.03035245888198368,5177.995960000003,5023.192271336903,154.80368866309982,0.18825434054096699,0.03035245888198368,154.80368866309982,0.0009212717601825099,23964.18202370194,0.0465229726553257,3.652828397102394e-05,0.02989644832845712,2.989644832845712
2009,610424,8.588196323667711,8.545630260195784,0.04256606347192715,5367.922943000004,5144.226311545894,223.6966314541105,0.26400649250492897,0.04256606347192715,223.6966314541105,0.001811869759496131,50040.18292391614,0.04599222517695645,7.094178187503706e-05,0.041672846989322054,4.167284698932205
2010,610424,8.616132030574875,8.536255156428524,0.07987687414635047,5519.993880000002,5096.224020887421,423.7698591125809,0.49541845441130444,0.07987687414635047,423.7698591125809,0.006380315023391913,179580.89349229666,0.04911156923253391,0.0002685105342102336,0.07676998712769963,7.676998712769962
2011,610424,8.567910906569837,8.521803560495973,0.04610734607386391,5260.129402000002,5023.105065913614,237.02433608638785,0.2859705061451061,0.04610734607386391,237.02433608638785,0.0021258873619750536,56180.53589719294,0.04955363409294912,9.035559561743624e-05,0.04506055231193868,4.506055231193868
2012,610424,8.570548657764853,8.554061431147822,0.016487226617030615,5274.0226299999995,5187.781515671887,86.24111432811242,0.1022583371649305,0.016487226617030615,86.24111432811242,0.00027182864152132277,7437.5298005545565,0.046675969589694465,1.0816879815414351e-05,0.016352056177679396,1.6352056177679395
2013,610424,8.5070090589356,8.595159792694986,-0.08815073375938631,4949.337751000004,5405.432755793716,-456.0950047937122,-0.5467352189356159,0.08815073375938631,456.0950047937122,0.00777055186231821,208022.65339777633,0.051102314380853116,0.00034170251888625004,-0.09215273390900815,-9.215273390900816
2014,610424,8.512680187717319,8.564991943810895,-0.052311756093576633,4977.485822999999,5244.7976674354295,-267.31184443543043,-0.32445197221835664,0.052311756093576633,267.31184443543043,0.002736519825593852,71455.62217547176,0.04723765718313351,0.00011033474708172247,-0.05370419001501403,-5.3704190015014035
2015,610424,8.512680187717319,8.568724544906566,-0.05604435718924705,4977.485822999999,5264.410986532077,-286.92516353207793,-0.3476025960442574,0.05604435718924705,286.92516353207793,0.0031409699727559075,82326.04946790966,0.0490861116100174,0.00013210965441347663,-0.057644596837675005,-5.764459683767501
2016,610424,8.501068312524996,8.567346639550236,-0.06627832702523939,4920.022155000003,5257.162121707551,-337.1399667075475,-0.4110765060191245,0.06627832702523939,337.1399667075475,0.004392816633264579,113663.35715156623,0.04737070690872402,0.0001776640669654636,-0.06852407490989179,-6.8524074909891795
2017,610424,8.482584917726545,8.552831762370962,-0.07024684464441755,4829.918716999999,5181.406183297811,-351.4874662978127,-0.4356903493399713,0.07024684464441755,351.4874662978127,0.0049346191824969346,123543.43896445603,0.04834913036035189,0.0002041181080559144,-0.07277295683272526,-7.277295683272526
2018,610424,8.542868099932543,8.6128350905267,-0.0699669905941569,5130.036740000003,5501.824758820887,-371.78801882088374,-0.43395461715812794,0.0699669905941569,371.78801882088374,0.00489537977280284,138226.3309387578,0.049924844886676464,0.0002097885170425305,-0.0724727789806986,-7.247277898069859
2019,610424,8.599698080877056,8.579653593984915,0.020044486892141222,5430.019917000005,5322.261542530794,107.75837446921105,0.1243214487509583,0.020044486892141222,107.75837446921105,0.0004017814547692213,11611.867268246715,0.04712490277676994,1.6157081743333285e-05,0.019844931715967948,1.9844931715967948
2020,610424,8.632283596661544,8.582582196307737,0.049701400353807657,5609.874327,5337.871176094863,272.0031509051378,0.30826182432034815,0.049701400353807657,272.0031509051378,0.002470229197129472,73985.71410232315,0.05249477414558145,0.00011191405103180831,0.04848649631882168,4.848649631882168
2021,610424,8.673607317543718,8.60454249712544,0.06906482041827822,5846.551723999995,5456.389013584989,390.1627104150066,0.42835910833374796,0.06906482041827822,390.1627104150066,0.0047699494194090196,152226.9405983843,0.05039329431155383,0.00020653492464639257,0.06673381658686013,6.673381658686013
2022,610424,8.64420963177672,8.595891236790585,0.04831839498613455,5677.178423000004,5409.3879740012635,267.79044899874043,0.29968404271562754,0.04831839498613455,267.79044899874043,0.002334667294036112,71711.724574947,0.04878387194649969,9.752981001601686e-05,0.04716963763439926,4.716963763439926
2001,610431,8.43333132652058,8.542837979292411,-0.10950665277183091,4597.791353000002,5129.882222336593,-532.0908693365909,-0.6791905322255851,0.10950665277183091,532.0908693365909,0.011991707001290344,283120.6932313691,0.049475280236997925,0.0005087881199385781,-0.11572749359089733,-11.572749359089734
2002,610431,8.470730115036465,8.569352255694845,-0.09862214065837982,4772.999036000002,5267.716551463106,-494.71751546310406,-0.6116817792117012,0.09862214065837982,494.71751546310406,0.009726326628041255,244745.42010598662,0.04958419220175999,0.0004136750349466831,-0.10364919660191271,-10.364919660191271
2003,610431,8.432942341318268,8.562842155682842,-0.12989981436457398,4596.003227999997,5233.534574645302,-637.5313466453053,-0.8056745578564047,0.12989981436457398,637.5313466453053,0.01687396177195078,406446.2179553765,0.04778033302520679,0.000688948028022081,-0.13871429479450875,-13.871429479450875
2004,610431,8.511174741827022,8.548707678167286,-0.037532936340264555,4969.998124999999,5160.081630254738,-190.08350525473907,-0.23278964668976496,0.037532936340264555,190.08350525473907,0.0014087213103223517,36131.73896992842,0.04783753115368509,5.759254186982757e-05,-0.038246192548561396,-3.8246192548561395
2005,610431,8.473244405867614,8.564675229104308,-0.09143082323669383,4785.014843,5243.136825901432,-458.1219829014317,-0.5670792406132934,0.09143082323669383,458.1219829014317,0.008359595437739552,209875.75121753968,0.04694368756677669,0.00033474944055573953,-0.09574097425666683,-9.574097425666682
2006,610431,8.555256652519287,8.579497533719064,-0.024240881199776965,5193.985769999996,5321.43101378749,-127.44524378749429,-0.150348646287259,0.024240881199776965,127.44524378749429,0.0005876203213417003,16242.290164053853,0.04734297107295083,2.375055078271608e-05,-0.024537079890285182,-2.4537079890285183
2007,610431,8.56219905595726,8.582523522225333,-0.020324466268073493,5230.169972,5337.557990589644,-107.38801858964416,-0.12605795823726176,0.020324466268073493,107.38801858964416,0.0004130839290820573,11532.18653660976,0.0477169907974634,1.684122964412742e-05,-0.020532414656608062,-2.0532414656608062
2008,610431,8.560337119648796,8.560332263591334,4.856057461921637e-06,5220.440789000003,5220.415438301107,0.025350698895636015,3.0118610774750978e-05,4.856057461921637e-06,0.025350698895636015,2.3581294073484808e-11,0.000642657934497201,0.04918184632694707,9.939672038378192e-13,4.856045671287471e-06,0.0004856045671287471
2009,610431,8.582983491126996,8.588849216915232,-0.005865725788236631,5340.013665999999,5371.428767982895,-31.415101982895976,-0.03638085284464646,0.005865725788236631,31.415101982895976,3.440673902278425e-05,986.9086325957547,0.045883957800784594,1.3436820366721048e-06,-0.005882962843881228,-0.5882962843881229
2010,610431,8.637636290409427,8.585923596725786,0.05171269368364051,5639.982775,5355.7369728419535,284.2458021580469,0.32073642154867604,0.05171269368364051,284.2458021580469,0.002674202688018033,80795.67604447153,0.04853877875113701,0.00011109525331749974,0.050398345792473966,5.039834579247397
2011,610431,8.582530947018338,8.561820889322941,0.020710057695396245,5337.597620999997,5228.19247016095,109.40515083904756,0.12844950286141021,0.020710057695396245,109.40515083904756,0.0004289064897466412,11969.48703011475,0.048362670754732565,1.7746980697313006e-05,0.020497077263488164,2.0497077263488164
2012,610431,8.641210730946565,8.591379794217547,0.04983093672901795,5660.178631000002,5385.038797056465,275.13983394353636,0.30906524472810154,0.04983093672901795,275.13983394353636,0.00248312225529139,75701.92822247677,0.04633986528088833,9.803025549644356e-05,0.04860974394635431,4.860974394635431
2013,610431,8.607776202653183,8.639145065850187,-0.03136886319700416,5474.061928,5648.498665164731,-174.4367371647313,-0.19455836107489313,0.03136886319700416,174.4367371647313,0.000984005578272362,30428.175272677556,0.05158306143853942,4.372205768281262e-05,-0.03186605110776732,-3.1866051107767324
2014,610431,8.618344825927243,8.620648924407167,-0.002304098479923411,5532.222021000004,5544.983501557414,-12.761480557409413,-0.014290655711484754,0.002304098479923411,12.761480557409413,5.308869805185373e-06,162.85538601713847,0.049531628160273615,2.2552976202795454e-07,-0.0023067549546940723,-0.23067549546940724
2015,610431,8.618344825927243,8.606617334194768,0.01172749173247567,5532.222021000004,5467.721884639914,64.50013636009044,0.07273714564217088,0.01172749173247567,64.50013636009044,0.00013753406233528518,4160.26759047026,0.046681378092818054,5.4735905696060914e-06,0.011658992736598702,1.1658992736598701
2016,610431,8.607962081154534,8.618191881924504,-0.010229800769970154,5475.079533,5531.375965521276,-56.296432521276074,-0.06344805227491168,0.010229800769970154,56.296432521276074,0.00010464882379328197,3169.2883146225904,0.04632803537426745,4.130234648994151e-06,-0.010282304061878926,-1.0282304061878926
2017,610431,8.695199746968239,8.611189434874051,0.08401031209418797,5974.165770000004,5492.778095694475,481.3876743055289,0.5210551792006438,0.08401031209418797,481.3876743055289,0.007057732538162865,231734.09297328597,0.05138445906505531,0.000312256175925082,0.08057822511770184,8.057822511770183
2018,610431,8.637617791068342,8.662304906237903,-0.024687115169561125,5639.878440000001,5780.843621182623,-140.96518118262156,-0.15311631272362006,0.024687115169561125,140.96518118262156,0.000609453655395175,19871.182305849325,0.049421919351957735,2.5827312939224083e-05,-0.02499436515915785,-2.499436515915785
2019,610431,8.699524147332687,8.631007487402549,0.06851665993013789,6000.056395,5602.72008020067,397.33631479932956,0.42495926545423995,0.06851665993013789,397.33631479932956,0.004694532687982163,157876.1470583119,0.0481542409853368,0.00019332511313684085,0.06622209670069769,6.622209670069769
2020,610431,8.736350312907037,8.633722451722843,0.1026278611841942,6225.134408999997,5617.951932927147,607.1824760728496,0.6365263652437808,0.1026278611841942,607.1824760728496,0.010532477891242235,368670.5592499565,0.052364300336520904,0.00047585819947280254,0.09753724758055259,9.753724758055258
2021,610431,8.75810165183742,8.661535191310621,0.09656646052679818,6362.022772999994,5776.395731578229,585.6270414217652,0.5989318827687552,0.09656646052679818,585.6270414217652,0.009325081298673672,342959.0316444099,0.05787942108845952,0.0004711490796927026,0.09205044721108635,9.205044721108635
2022,610431,8.738720405320645,8.638414416710674,0.10030598860997131,6239.9060510000045,5644.373101828676,595.5329491713283,0.6221254696860262,0.10030598860997131,595.5329491713283,0.010061291351023694,354659.49354869983,0.04909420793330964,0.0004232563863767704,0.09543940955263075,9.543940955263075
2001,610502,8.094672453030407,8.27065536207823,-0.1759829090478231,3276.963312000002,3907.5089864108368,-630.5456744108346,-1.0914946501729266,0.1759829090478231,630.5456744108346,0.030969984276934377,397587.84751821426,0.054007273947780245,0.0014481454017158057,-0.1924176789229901,-19.24176789229901
2002,610502,8.161290040425834,8.31986718224982,-0.15857714182398475,3502.7023180000015,4104.614806364806,-601.9124883648046,-0.9835392702455946,0.15857714182398475,601.9124883648046,0.02514670990906417,362298.6436495111,0.05020778554556152,0.0010844001034701334,-0.17184231879244852,-17.18423187924485
2003,610502,8.079127787803646,8.306770732850723,-0.2276429450470765,3226.4178880000027,4051.2094001760415,-824.7915121760389,-1.4119044742064801,0.2276429450470765,824.7915121760389,0.05182131042970629,680281.0385576369,0.052047469640004417,0.002325569662965217,-0.2556369140041286,-25.563691400412857
2004,610502,8.157980650786442,8.298392695396386,-0.14041204460994372,3491.129671000002,4017.4100001082065,-526.2803291082046,-0.8708743158118153,0.14041204460994372,526.2803291082046,0.019715542271544824,276970.9848062401,0.051320386759918436,0.0008710719599473478,-0.15074786063659915,-15.074786063659914
2005,610502,8.144485569350172,8.33506561284983,-0.19058004349965785,3444.3330640000017,4167.474987677249,-723.1419236772476,-1.182030113237143,0.19058004349965785,723.1419236772476,0.03632075298033148,522934.24177963025,0.050437694007276185,0.001574191834679485,-0.20995121849146678,-20.995121849146678
2006,610502,8.113416163997798,8.341255321454799,-0.22783915745700156,3338.9650210000027,4193.350441616714,-854.3854206167116,-1.4131214378132844,0.22783915745700156,854.3854206167116,0.05191068167071635,729974.4469623952,0.04740325759870249,0.0021010735615991116,-0.2558833097211745,-25.58833097211745
2007,610502,8.23368255999388,8.351277266294723,-0.11759470630084223,3765.6755760000024,4235.587262462019,-469.9116864620164,-0.7293548760530252,0.11759470630084223,469.9116864620164,0.013828514949981344,220816.99307357642,0.04618910838002877,0.000543982702047307,-0.12478814942448353,-12.478814942448354
2008,610502,8.35701808313993,8.346828656791386,0.010189426348544472,4259.972923000004,4216.786638037811,43.186284962192985,0.06319763895222939,0.010189426348544472,43.186284962192985,0.00010382440931241235,1865.055208835736,0.04714110821441082,4.176731878634985e-06,0.01013769001418438,1.0137690014184382
2009,610502,8.39742191439229,8.366741819119738,0.030680095272551,4435.616595,4301.5978217747115,134.0187732252889,0.19028643200621842,0.030680095272551,134.0187732252889,0.0009412682459328062,17961.031576811412,0.04689425171701951,3.764829932266112e-05,0.03021423749211329,3.021423749211329
2010,610502,8.48525196380779,8.361020568280535,0.12423139552725537,4842.817525999995,4277.057569036802,565.759956963193,0.7705174572643729,0.12423139552725537,565.759956963193,0.015433439634649366,320084.32890299393,0.050110451584338384,0.0006641089727465172,0.11682454561332434,11.682454561332435
2011,610502,8.510160581885383,8.336577440586094,0.17358314129928942,4964.960307000003,4173.78025699337,791.1800500066329,1.0766106272109568,0.17358314129928942,791.1800500066329,0.030131106943329076,625965.8715284981,0.04892856502623773,0.001262832679673991,0.1593527442487633,15.935274424876331
2012,610502,8.509292707418735,8.389239884765153,0.12005282265358197,4960.653214000002,4399.472317023223,561.180896976779,0.7446007931880175,0.12005282265358197,561.180896976779,0.014412680227092405,314923.9991316622,0.05224456037685646,0.0006495128998397143,0.1131264115364906,11.312641153649059
2013,610502,8.482818435176245,8.420488124501633,0.06233031067461248,4831.046719000003,4539.118569511646,291.9281494883571,0.3865898172331499,0.06233031067461248,291.9281494883571,0.00388506762879371,85222.04446369658,0.05256366075366398,0.00017627009257823717,0.06042751529192093,6.042751529192094
2014,610502,8.383756746969707,8.4032024047508,-0.019445657781092862,4375.415417999997,4461.330882956711,-85.91546495671446,-0.12060734506547213,0.019445657781092862,85.91546495671446,0.0003781336065393774,7381.46711872843,0.04903553824698921,1.588627847840334e-05,-0.01963595607476888,-1.963595607476888
2015,610502,8.391213115810269,8.411001575280158,-0.01978845946988983,4408.1620630000025,4496.261601555415,-88.09953855541244,-0.12273349590259948,0.01978845946988983,88.09953855541244,0.0003915831281914725,7761.528693676602,0.0476097868194499,1.592519954128662e-05,-0.01998554891955486,-1.998554891955486
2016,610502,8.401279091186524,8.386591070740876,0.01468802044564832,4452.758590999999,4387.834353255827,64.92423774417148,0.09109916312213626,0.01468802044564832,64.92423774417148,0.00021573794461178308,4215.1566466617005,0.04691819896971006,8.633801072155138e-06,0.014580677666963035,1.4580677666963036
2017,610502,8.373974090168025,8.38530196063663,-0.011327870468605283,4332.820914000002,4382.181595951383,-49.36068195138159,-0.07025858409338241,0.011327870468605283,49.36068195138159,0.00012832064935349967,2436.4769227054485,0.05529464899115934,6.160010122258779e-06,-0.011392273747546255,-1.1392273747546255
2018,610502,8.418705973767546,8.431986053602424,-0.013280079834878222,4531.036379999996,4591.610227392116,-60.573847392120115,-0.08236672624669426,0.013280079834878222,60.573847392120115,0.0001763605204207392,3669.190987883857,0.049638827591179026,7.51000178324563e-06,-0.013368651741463213,-1.3368651741463213
2019,610502,8.559734944383852,8.395632761695921,0.1641021826879303,5217.298114999999,4427.687694730728,789.6104202692704,1.0178071010117322,0.1641021826879303,789.6104202692704,0.026929526362942855,623484.6157978139,0.047894905800071975,0.0011024090836428868,0.15134470043011347,15.134470043011348
2020,610502,8.613452662682631,8.389203918157994,0.22424874452463683,5505.223582000004,4399.314085776226,1105.9094962237778,1.390852704282332,0.22424874452463683,1105.9094962237778,0.05028749942087584,1223035.8138379299,0.0502377043938109,0.0021699738471451847,0.200883666167471,20.0883666167471
2021,610502,8.606225033640605,8.42338223208105,0.18284280155955557,5465.577314999995,4552.274294827175,913.3030201728197,1.1340415998615612,0.18284280155955557,913.3030201728197,0.03343149008214701,834122.406656794,0.05178652362278402,0.0014919517141493755,0.16710092411762373,16.71009241176237
2022,610502,8.600345435773244,8.404823361424716,0.19552207434852775,5433.536205000002,4468.56837126877,964.9678337312325,1.2126819547240069,0.19552207434852775,964.9678337312325,0.03822888155755121,931162.9201359476,0.051769794366151076,0.0017054342607900862,0.17759481069496844,17.759481069496843
2001,610521,8.287770977739312,8.392120870560632,-0.10434989282132001,3974.9640290000034,4412.1654098067,-437.20138080669676,-0.6472068814911885,0.10434989282132001,437.20138080669676,0.010888900131820974,191145.04737928227,0.05055846903413155,0.0004731904832871742,-0.10998876407862367,-10.998876407862367
2002,610521,8.371013058550146,8.426577866098846,-0.0555648075487003,4320.0102700000025,4566.844966289025,-246.83469628902276,-0.34462829660812927,0.0555648075487003,246.83469628902276,0.003087447837924102,60927.3672920941,0.04863104314571598,0.00012853156158137155,-0.05713752534412901,-5.713752534412901
2003,610521,7.665997366024867,8.4207109607803,-0.7547135947554322,2134.5206190000004,4540.130162507727,-2405.6095435077264,-4.680942345739239,0.7547135947554322,2405.6095435077264,0.5695926101086668,5786957.2758154515,0.04865008857972981,0.023722581074564132,-1.127002251510097,-112.7002251510097
2004,610521,8.62121937751219,8.404089144005289,0.21713023350690186,5548.147557000003,4465.2886746831955,1082.8588823168075,1.3467017311276417,0.21713023350690186,1082.8588823168075,0.047145538302761726,1172583.3590124054,0.049125056022695755,0.0019846840175208108,0.19517485272189325,19.517485272189326
2005,610521,8.268485679260506,8.423682454409143,-0.15519677514863695,3899.0401219999976,4553.641194390704,-654.6010723907066,-0.9625733016653031,0.15519677514863695,654.6010723907066,0.024086039016536574,428502.5639750631,0.04853989700089373,0.0010006393886199223,-0.16788774978158766,-16.788774978158767
2006,610521,8.476371196895983,8.423881579994374,0.05248961690160847,4800.000000000001,4554.5480311426745,245.4519688573264,0.32555511411714994,0.05248961690160847,245.4519688573264,0.002755159882477622,60246.66901593793,0.050075118311399595,0.0001184635616002951,0.05113582684527632,5.113582684527632
2007,610521,8.671821199875485,8.418201875535853,0.2536193243396312,5836.118414999999,4528.752868178596,1307.3655468214029,1.5730171594217321,0.2536193243396312,1307.3655468214029,0.06432276167849105,1709204.6730156257,0.04765462913148858,0.002618637292502145,0.22401285475311986,22.401285475311987
2008,610521,8.70698312218205,8.425343586359608,0.2816395358224426,6044.9779910000025,4561.2116793160485,1483.766311683954,1.7468062568726188,0.2816395358224426,1483.766311683954,0.07932082813828094,2201562.4676882043,0.05275306886402709,0.0036132921499047056,0.24545437781461615,24.545437781461615
2009,610521,8.712949403070207,8.470540223360114,0.24240917971009246,6081.151831999998,4772.092769260812,1309.0590627391857,1.5034887435260655,0.24240917971009246,1309.0590627391857,0.0587622104077199,1713635.6297395953,0.04936809305338216,0.0024872201330032933,0.21526498579606362,21.52649857960636
2010,610521,8.60243304398266,8.467045628903664,0.13538741507899665,5444.891147999995,4755.445345263284,689.4458027367109,0.8397101744653437,0.13538741507899665,689.4458027367109,0.01832975216177253,475335.5149112677,0.05092523140997823,0.0008029403275537824,0.126622513471175,12.6622513471175
2011,610521,8.477331620541506,8.415530518800505,0.06180110174100051,4804.612247999998,4516.671098244976,287.9411497550218,0.3833075171337453,0.06180110174100051,287.9411497550218,0.003819376176401496,82910.10572224388,0.05021249066187612,0.00016471980265338887,0.059930153546705514,5.993015354670551
2012,610521,8.545469506768557,8.471882500994617,0.0735870057739394,5143.399426000002,4778.502543540714,364.89688245928755,0.45640695201073367,0.0735870057739394,364.89688245928755,0.00541504741877379,133149.73482850712,0.04925128370137764,0.00022860348427757856,0.07094469090125986,7.094469090125986
2013,610521,8.548267710010233,8.489054117145507,0.05921359286472594,5157.811858000002,4861.2657100081515,296.5461479918504,0.3672590717988567,0.05921359286472594,296.5461479918504,0.0035062495799495228,87939.61788880442,0.04641375647809654,0.00013866412436339492,0.05749456477980944,5.749456477980944
2014,610521,8.411211286736235,8.471172100906932,-0.05996081417069732,4497.204617999996,4775.109100408641,-277.904482408645,-0.3718935448984084,0.05996081417069732,277.904482408645,0.0035952992360128964,77230.90134281687,0.04617676798756744,0.00014138954753814802,-0.0617949384149292,-6.179493841492921
2015,610521,8.443674773502796,8.489288806197516,-0.04561403269472031,4645.595166000001,4862.40672973638,-216.81156373637896,-0.28291084019738816,0.04561403269472031,216.81156373637896,0.002080639978675013,47007.25416981392,0.04745823883761896,8.432086029645668e-05,-0.04667035244981545,-4.667035244981545
2016,610521,8.401108519897663,8.496196341456677,-0.09508782155901407,4451.999143000001,4896.110245768279,-444.1111027682782,-0.5897609551394422,0.09508782155901407,444.1111027682782,0.009041693808838902,197234.6716020562,0.04857709266019847,0.000375948736369436,-0.09975543312189675,-9.975543312189675
2017,610521,8.336216933302085,8.496759266746228,-0.16054233344414293,4172.275850000004,4898.86716594329,-726.5913159432866,-0.9957279319262833,0.16054233344414293,726.5913159432866,0.025773840827690374,527934.940404197,0.05180327283210933,0.0011506254055932419,-0.17414747779519085,-17.414747779519086
2018,610521,8.407319394654792,8.549852885908054,-0.1425334912532623,4479.735998000004,5165.994380698274,-686.25838269827,-0.8840321143408777,0.1425334912532623,686.25838269827,0.020315796128843804,470950.5678236452,0.05480611712706936,0.0009656407799402484,-0.15319170214598646,-15.319170214598646
2019,610521,8.47587661606938,8.50725834114742,-0.031381725078039935,4797.626599000003,4950.5716866543335,-152.94508765433056,-0.194638134016582,0.031381725078039935,152.94508765433056,0.0009848126688736805,23392.19983759086,0.04935077907009284,4.1667895740149784e-05,-0.03187932293151155,-3.187932293151155
2020,610521,8.574766704224022,8.486348123574016,0.0884185806500053,5296.3156860000045,4848.128938273552,448.18674772645227,0.5483964793941336,0.0884185806500053,448.18674772645227,0.007817845404161491,200871.36083761457,0.05155685349032065,0.0003471725661759117,0.08462236284577314,8.462236284577314
2021,610521,8.591327407882718,8.523890765104671,0.06743664277804662,5384.756702000002,5033.600262958856,351.15643904114677,0.41826070051983333,0.06743664277804662,351.15643904114677,0.004547700789173867,123310.84468005862,0.04988881457837434,0.0001947335261905582,0.0652130557562091,6.52130557562091
2022,610521,8.575797204895576,8.503984145589975,0.071813059305601,5301.776356000003,4934.389053840274,367.3873021597292,0.4454044456289444,0.071813059305601,367.3873021597292,0.005157115486829767,134973.42978820414,0.05091859385299435,0.0002258763966809903,0.06929513383640903,6.929513383640903
2001,610523,8.409934875407318,8.482790985276186,-0.07285610986886759,4491.467996999996,4830.914109070455,-339.4461120704591,-0.4518737335605125,0.07285610986886759,339.4461120704591,0.005308012745224505,115223.66299975067,0.05481451799713637,0.0002523411013654317,-0.07557576104231103,-7.557576104231104
2002,610523,8.434910540792536,8.527201358547984,-0.09229081775544756,4605.057986999998,5050.292081653198,-445.23409465319946,-0.5724131643532553,0.09229081775544756,445.23409465319946,0.008517595041969235,198233.3990416542,0.04872417353554143,0.0003553391591695191,-0.09668371080453012,-9.668371080453012
2003,610523,8.454284488496445,8.512057644471168,-0.05777315597472388,4695.146002000001,4974.388087155393,-279.2420851553916,-0.35832508401643104,0.05777315597472388,279.2420851553916,0.0033377375512797735,77976.14212193096,0.04978119213734134,0.00014258201738648799,-0.059474632958472905,-5.947463295847291
2004,610523,8.342191798646873,8.506282355492864,-0.1640905568459914,4197.2792580000005,4945.742356768002,-748.4630987680011,-1.0177349943262095,0.1640905568459914,748.4630987680011,0.02692571084602753,560197.0102173986,0.050395795171929936,0.0011659253472519576,-0.17832101529614283,-17.832101529614285
2005,610523,8.394431435675905,8.535811269289804,-0.1413798336138985,4422.371791999996,5093.9623745835,-671.5905825835034,-0.8768768107474216,0.1413798336138985,671.5905825835034,0.019988257352693623,451033.91061484953,0.04856189003191149,0.00083081427420955,-0.151862080840512,-15.1862080840512
2006,610523,8.513002528441143,8.540455335681218,-0.02745280724007415,4979.090528000004,5117.6740908221,-138.5835628220957,-0.17026989948567497,0.02745280724007415,138.5835628220957,0.0007536566253606677,19205.403884465744,0.047561600728928836,3.061615962096459e-05,-0.02783310768156726,-2.783310768156726
2007,610523,8.505004805501157,8.555766007485225,-0.050761201984068194,4939.427958000002,5196.632026329648,-257.20406832964636,-0.31483500700003425,0.050761201984068194,257.20406832964636,0.0025766996268673688,66153.9327653214,0.04792357902927824,0.00010555138643054035,-0.05207163066586956,-5.207163066586956
2008,610523,8.599680426826493,8.531618884642294,0.06806154218419991,5429.9240560000035,5072.651228404208,357.2728275957952,0.4221364993823649,0.06806154218419991,357.2728275957952,0.004632373524491623,127643.8733382948,0.046565689364773344,0.0001838580190817751,0.06579702108375031,6.579702108375031
2009,610523,8.63304655632167,8.570118621700303,0.06292793462136714,5614.156068000001,5271.755097659133,342.4009703408683,0.390296446156534,0.06292793462136714,342.4009703408683,0.003959924955711057,117238.42449036817,0.048457180822628655,0.00016420370398516742,0.06098885855569846,6.098885855569846
2010,610523,8.663881149993752,8.54213756895141,0.12174358104234173,5789.962825000002,5126.290457781309,663.6723672186936,0.7550873441039635,0.12174358104234173,663.6723672186936,0.01482149952501323,440461.01100966445,0.046187905803965514,0.0005830278334688008,0.11462463357330681,11.46246335733068
2011,610523,8.569332782463727,8.515762726976908,0.05357005548681926,5267.613973000004,4992.852790936289,274.76118206371484,0.3322562928962637,0.05357005548681926,274.76118206371484,0.002869750844860894,75493.70716904986,0.050103734020969695,0.00012346857815851589,0.05216046268235431,5.216046268235431
2012,610523,8.595475344129671,8.549100197586675,0.04637514654299579,5407.138716999998,5162.107460063005,245.03125693699258,0.2876314786847282,0.04637514654299579,245.03125693699258,0.002150654216884335,60040.31687612247,0.04670402196696395,8.563747872391933e-05,0.04531625130433891,4.531625130433891
2013,610523,8.598319566786703,8.580681155476215,0.01763841131048771,5422.539715000003,5327.73330434293,94.80641065707277,0.1093983028642583,0.01763841131048771,94.80641065707277,0.0003111135535579408,8988.255501677522,0.0462152520232687,1.2246106518995202e-05,0.017483765106379258,1.7483765106379259
2014,610523,8.559446186207039,8.553296753108253,0.006149433098785906,5215.791794999996,5183.816049418476,31.975745581519732,0.03814048401198517,0.006149433098785906,31.975745581519732,3.781552743644363e-05,1022.4483054940787,0.04641593408536937,1.4955943231889698e-06,0.006130564032899584,0.6130564032899584
2015,610523,8.563681545404451,8.552329404168631,0.011352141235819957,5237.929394000001,5178.8039150921395,59.12547890786118,0.07040911810099568,0.011352141235819957,59.12547890786118,0.00012887111063800385,3495.822256083937,0.04828177972914359,5.322511352349553e-06,0.011287948817253791,1.1287948817253792
2016,610523,8.565482363252823,8.593421734079767,-0.0279393708269442,5247.370449,5396.045956590142,-148.67550759014193,-0.17328770135581728,0.0279393708269442,148.67550759014193,0.0007806084422055005,22104.40655718635,0.0473626260169272,3.156518276419668e-05,-0.028333335531604265,-2.8333335531604265
2017,610523,8.533550787479294,8.584020583546419,-0.05046979606712476,5082.4605699999975,5345.554626440023,-263.09405644002527,-0.31302762694765623,0.05046979606712476,263.09405644002527,0.002547200315057162,69218.4825340672,0.04638139291530969,0.0001006588527376211,-0.05176509543290474,-5.176509543290473
2018,610523,8.590873615727261,8.624242215956302,-0.03336860022904098,5382.313695999997,5564.94408453356,-182.63038853356284,-0.20696128294969704,0.03336860022904098,182.63038853356284,0.0011134634812455537,33353.85881592012,0.05148430907817318,4.9369229542796996e-05,-0.03393157642767816,-3.3931576427678163
2019,610523,8.683903496594008,8.589085394645611,0.09481810194839646,5907.0598340000015,5372.697529658939,534.3623043410626,0.588088079553803,0.09481810194839646,534.3623043410626,0.008990472457096504,285543.07230069034,0.0472431495699216,0.00036253648531296934,0.0904616373217293,9.046163732172928
2020,610523,8.733283022032552,8.588753667258494,0.1445293547740576,6206.069364999996,5370.915554327007,835.1538106729886,0.8964110116281782,0.1445293547740576,835.1538106729886,0.020888734391405404,697481.887481614,0.048024298614151195,0.0008576615763182176,0.13457049245742506,13.457049245742505
2021,610523,8.657513815960316,8.617466166024933,0.040047649935383234,5753.213320000003,5527.363214271394,225.85010572860847,0.24838659556758622,0.040047649935383234,225.85010572860847,0.0016038142653470007,51008.270257623626,0.04958596849228539,6.821528776731624e-05,0.03925634131164258,3.925634131164258
2022,610523,8.668332604899893,8.617163706674475,0.05116889822541815,5815.794033999999,5525.691664384552,290.10236961544706,0.31736365179137677,0.05116889822541815,290.10236961544706,0.0026182561456032003,84159.38485649746,0.05102308594665762,0.00011493758846392219,0.049881816295327064,4.988181629532706
2001,610524,8.080076101967869,8.42570917087727,-0.34563306890940027,3229.478997000002,4562.879492532552,-1333.40049553255,-2.1437118392840175,0.34563306890940027,1333.40049553255,0.11946221832373023,1777956.8814864496,0.05926346373537576,0.0061983501344814755,-0.4128840895919129,-41.288408959191294
2002,610524,7.956038376786555,8.459649548432337,-0.5036111716457814,2852.7490199999993,4720.403434945429,-1867.6544149454294,-3.123535703511485,0.5036111716457814,1867.6544149454294,0.2536242122064367,3488133.013665154,0.05223002073016764,0.01142613984243474,-0.6546858492814169,-65.4685849281417
2003,610524,8.47062463134594,8.466857024574376,0.0037676067715644024,4772.495589000001,4754.548532257539,17.947056742462337,0.02336773870467341,0.0037676067715644024,17.947056742462337,1.4194860785137938e-05,322.0968457171628,0.054883832230023674,6.757712369276415e-07,0.0037605182462248964,0.37605182462248965
2004,610524,8.505699625516183,8.463961725241333,0.04173790027484969,4942.861163999999,4740.802599959883,202.05856404011593,0.25886999542137124,0.04173790027484969,202.05856404011593,0.0017420523193532982,40827.66330195363,0.05166014677241143,7.753242155551427e-05,0.040878866983308206,4.087886698330821
2005,610524,8.31630418399243,8.460829153858317,-0.14452496986588592,4090.0160940000005,4725.974933889251,-635.9588398892502,-0.8963838152155448,0.14452496986588592,635.9588398892502,0.020887466914735232,404443.64603328094,0.05252830388565315,0.0009469808240975708,-0.1554905470475271,-15.54905470475271
2006,610524,8.494736869882031,8.478800966199247,0.015935903682784414,4888.969723999996,4811.67707320778,77.29265079221568,0.09883887992045547,0.015935903682784414,77.29265079221568,0.00025395302618698185,5974.1538664874,0.05383389126720941,1.1832292909619786e-05,0.015809598986221036,1.5809598986221036
2007,610524,8.558496935476546,8.490948181185175,0.06754875429137108,5210.843049999998,4870.481983927989,340.3610660720087,0.41895604711728723,0.06754875429137108,340.3610660720087,0.004562834206316023,115845.65529767428,0.05984816455772939,0.0002393778986632583,0.06531785026071911,6.531785026071911
2008,610524,8.64477754563589,8.509724414914585,0.13505313072130498,5680.403486999997,4962.79522750517,717.6082594948266,0.8376368504702403,0.13505313072130498,717.6082594948266,0.01823934811762589,514961.6140951944,0.04809342939882766,0.000750068508205798,0.12633050823539624,12.633050823539623
2009,610524,8.636246735368374,8.538452806536382,0.097793928831992,5632.151151000003,5107.4360537066295,524.7150972933732,0.6065449805157177,0.097793928831992,524.7150972933732,0.009563652516396718,275325.93332759413,0.04686683552834708,0.00038227577618467725,0.09316424279561615,9.316424279561614
2010,610524,8.736326930648573,8.513043905391834,0.22328302525673926,6224.988852999995,4979.296551845555,1245.6923011544404,1.384863046421905,0.22328302525673926,1245.6923011544404,0.049855309367801665,1551749.309155445,0.04666954444454238,0.001983592988713607,0.20011157137319316,20.011157137319316
2011,610524,8.544657377013177,8.512204513017984,0.03245286399519287,5139.224014000001,4975.118721957374,164.1052920426273,0.20128163368362487,0.03245286399519287,164.1052920426273,0.0010531883814904857,26930.546876395994,0.04949946563331909,4.47091446761479e-05,0.03193192038245081,3.193192038245081
2012,610524,8.653059503144307,8.567188103114182,0.0858714000301255,5727.643698000001,5256.328736023763,471.314961976238,0.5325981610536439,0.0858714000301255,471.314961976238,0.007373897343133838,222137.79338266267,0.047639377325571476,0.00030009228142394644,0.08228775860146703,8.228775860146703
2013,610524,8.621287511807068,8.577164024318883,0.04412348748818573,5548.525589000004,5309.0278815354495,239.49770746455488,0.27366606678401495,0.04412348748818573,239.49770746455488,0.0019468821481200826,57359.15188077751,0.04982089216015754,8.324050978444472e-05,0.043164207071399466,4.3164207071399465
2014,610524,8.577105830515473,8.58457254129105,-0.007466710775577923,5308.718938000001,5348.505961146534,-39.7870231465331,-0.046310604308269096,0.007466710775577923,39.7870231465331,5.575176980613147e-05,1583.0072108627608,0.04978784088322367,2.3819646207066082e-06,-0.007494656170575572,-0.7494656170575572
2015,610524,8.587650327198121,8.577613296973547,0.010037030224573584,5364.992876000004,5311.413618468529,53.57925753147447,0.06225243606337323,0.010037030224573584,53.57925753147447,0.00010074197572900366,2870.7368376240634,0.047899867261177814,4.1245259904583995e-06,0.009986827339726449,0.9986827339726448
2016,610524,8.542362498369794,8.600461277609007,-0.05809877923921292,5127.443640999995,5434.1656722672915,-306.7220312672962,-0.36034468951724163,0.05809877923921292,306.7220312672962,0.003375468149086798,94078.40446473622,0.050348984666819425,0.00014601288423522307,-0.059819678721515265,-5.981967872151526
2017,610524,8.5246657396543,8.589602882524044,-0.06493714286974495,5037.502686999997,5375.478555016419,-337.9758680164214,-0.4027581111332832,0.06493714286974495,337.9758680164214,0.004216832524085667,114227.68736145349,0.0514609309853607,0.00018687364935649704,-0.06709194793853249,-6.709194793853249
2018,610524,8.582483628918832,8.626445122495397,-0.04396149357656576,5337.345061999995,5577.216648940246,-239.8715869402513,-0.27266133576297163,0.04396149357656576,239.8715869402513,0.0019326129174824325,57538.37822123453,0.05921642233738389,0.00010018486330452895,-0.04494211713011624,-4.494211713011624
2019,610524,8.676257065939707,8.59077613861838,0.08548092732132595,5862.064158000003,5381.78906919179,480.2750888082128,0.5301763413724077,0.08548092732132595,480.2750888082128,0.007306988935713809,230664.16092973668,0.052404102115042435,0.00033040903321270823,0.08192934704625807,8.192934704625806
2020,610524,8.721442628627148,8.567045047934988,0.15439758069216047,6133.020380000004,5255.57684475678,877.4435352432238,0.957616476718996,0.15439758069216047,877.4435352432238,0.023838612923592205,769907.1575401265,0.05016883199050077,0.0010271092989966792,0.14306874604633601,14.306874604633602
2021,610524,8.713905067775325,8.592973259881916,0.12093180789340963,6086.966151999997,5393.626511778029,693.3396402219678,0.7500525026298256,0.12093180789340963,693.3396402219678,0.01462450216036853,480719.85670312773,0.053699710252718205,0.0006795002321872866,0.11390561782476101,11.390561782476102
2022,610524,8.654084929475596,8.604266940066768,0.049817989408827756,5733.519986999996,5454.885674214838,278.6343127851578,0.30898494186915837,0.049817989408827756,278.6343127851578,0.0024818320687380745,77637.08026125716,0.05157399566230048,0.00011025309438808169,0.048597425912340855,4.8597425912340855
2001,610525,8.34277057568474,8.49594361428654,-0.15317303860179976,4199.709250000002,4894.873022027799,-695.1637720277977,-0.9500215281653437,0.15317303860179976,695.1637720277977,0.02346197975450844,483252.6699399159,0.05184228252614781,0.0010482916435411277,-0.16552664259503141,-16.552664259503143
2002,610525,8.525213842029535,8.52551763503098,-0.00030379300144467436,5040.264511000003,5041.7959406909085,-1.5314296909054974,-0.0018842081747082013,0.00030379300144467436,1.5314296909054974,9.229018772676392e-08,2.345276898186907,0.04996329051641068,3.958405767818848e-09,-0.0003038391512118592,-0.03038391512118592
2003,610525,8.588546902114622,8.54107919185762,0.04746771025700269,5369.805151,5120.867779510097,248.93737148990294,0.29440786086447457,0.04746771025700269,248.93737148990294,0.0022531835170427586,61969.81492430194,0.05149172398911689,9.991858410295145e-05,0.046358734533141155,4.635873453314115
2004,610525,8.466942084709762,8.515936490797339,-0.048994406087576436,4754.952972000002,4993.720443493221,-238.7674714932191,-0.3038768504415233,0.048994406087576436,238.7674714932191,0.002400451827874347,57009.90544326519,0.04781744471278506,9.809196633787207e-05,-0.0502144759157923,-5.021447591579229
2005,610525,8.51561614713535,8.531957894117323,-0.016341746981971994,4992.1209929999995,5074.371196760467,-82.25020376046723,-0.10135603225228444,0.016341746981971994,82.25020376046723,0.0002670526944227908,6765.096018638377,0.04977120728350323,1.1405472724234294e-05,-0.016476003661730007,-1.6476003661730008
2006,610525,8.627068306616424,8.544011345366524,0.08305696124990014,5580.6933649999955,5135.9049848620825,444.788380137913,0.5151422337225393,0.08305696124990014,444.788380137913,0.006898458812067414,197836.7031057086,0.04810127278871819,0.00028374072484495775,0.07970127563851796,7.970127563851796
2007,610525,8.535569491402835,8.546209386565831,-0.010639895162995572,5092.730916000004,5147.206331477173,-54.47541547716901,-0.06599157106588426,0.010639895162995572,54.47541547716901,0.00011320736907953656,2967.5708914101847,0.04697374092135159,4.536434387008212e-06,-0.010696700135092895,-1.0696700135092896
2008,610525,8.787989248049481,8.546629689340401,0.24135955870908,6555.038359000003,5149.37017128166,1405.6681877183428,1.4969787039232827,0.24135955870908,1405.6681877183428,0.05825443658024183,1975903.0539633702,0.046814046459522654,0.002325650464478234,0.21444087902069622,21.444087902069622
2009,610525,8.616137082741627,8.57843704952997,0.0377000332116566,5520.021768000003,5315.790711588274,204.2310564117297,0.2338260276779636,0.0377000332116566,204.2310564117297,0.0014212925041600108,41710.32440305112,0.04762999779879433,5.782919332194054e-05,0.036998233883002614,3.6998233883002616
2010,610525,8.704511391338187,8.564902012747817,0.13960937859036981,6030.054883000004,5244.3260184138335,785.7288645861709,0.8658959592715081,0.13960937859036981,785.7288645861709,0.01949077859038921,617369.8486438732,0.048623289184789115,0.0008112655090777664,0.1303021083276217,13.03021083276217
2011,610525,8.53822550410404,8.530296986338199,0.007928517765840581,5106.275252999996,5065.9501294096135,40.325123590382645,0.04917485892260313,0.007928517765840581,40.325123590382645,6.286139396324973e-05,1626.115592579635,0.04907975573193364,2.6435816929633586e-06,0.007897169970751414,0.7897169970751414
2012,610525,8.592617737563087,8.569036450138656,0.023581287424430997,5391.7092980000025,5266.053239963054,125.6560580369487,0.1462576633561731,0.023581287424430997,125.6560580369487,0.0005560771165936274,15789.444921385022,0.05016429220558978,2.3956714110360077e-05,0.023305421544807598,2.3305421544807596
2013,610525,8.646536263458573,8.600525698304542,0.04601056515403101,5690.4025040000015,5434.51575627576,255.8867477242411,0.28537024412643636,0.04601056515403101,255.8867477242411,0.002116972105793333,65478.02766088941,0.04731373197986289,8.550609096547778e-05,0.04496812792142006,4.4968127921420065
2014,610525,8.568357657175737,8.577708020839882,-0.009350363664145434,5262.479893000001,5311.91675993155,-49.43686693154905,-0.05799354023527723,0.009350363664145434,49.43686693154905,8.742930065177121e-05,2444.003812007688,0.04599934309122283,3.423779670268932e-06,-0.009394214882855618,-0.9394214882855618
2015,610525,8.566167459970751,8.578688527985978,-0.012521068015226788,5250.966637000005,5317.127686532035,-66.16104953203012,-0.0776591251219599,0.012521068015226788,66.16104953203012,0.0001567771442419353,4377.284475179743,0.04644939145451177,6.205400335585231e-06,-0.01259978478359356,-1.2599784783593562
2016,610525,8.568329042120181,8.622280582183588,-0.053951540063406966,5262.329308999999,5554.038402248511,-291.70909324851254,-0.33462236569686626,0.053951540063406966,291.70909324851254,0.002910768675213407,85094.19508386939,0.05062078091973341,0.00012666353750010546,-0.055433454677496434,-5.543345467749643
2017,610525,8.518693812920377,8.596823577875174,-0.07812976495479695,5007.508739999999,5414.4337204647645,-406.9249804647652,-0.48458240023896204,0.07812976495479695,406.9249804647652,0.006104260171891819,165587.93972624955,0.047349786403368,0.00024676220577373055,-0.08126295960589083,-8.126295960589083
2018,610525,8.590872269465173,8.646894782492167,-0.05602251302699379,5382.306449999997,5692.442987360698,-310.13653736070046,-0.3474671125114192,0.05602251302699379,310.13653736070046,0.003138521965859689,96184.67180608516,0.053067156891111536,0.00014391536249230968,-0.05762149372983038,-5.762149372983038
2019,610525,8.536501782579014,8.59836714680205,-0.0618653642230349,5097.4810380000035,5422.797725660885,-325.31668766088114,-0.38370609081187623,0.0618653642230349,325.31668766088114,0.0038273232904487667,105830.9472706473,0.048566300017554916,0.00015909906542060877,-0.06381910697376898,-6.381910697376898
2020,610525,8.591121061023898,8.565231044216953,0.02589001680694558,5383.645689000001,5246.051850619281,137.59383838071972,0.160577041205683,0.02589001680694558,137.59383838071972,0.0006702929702639247,18932.064360339617,0.053179507650631126,3.0808333104263635e-05,0.025557744013848253,2.5557744013848254
2021,610525,8.520700760098604,8.603592421953886,-0.08289166185528174,5017.568637000003,5451.207495662362,-433.63885866235887,-0.5141170011821806,0.08289166185528174,433.63885866235887,0.0068710276051303695,188042.65974199327,0.050718056579790886,0.00029963212839766124,-0.08642410100076496,-8.642410100076496
2022,610525,8.542986723625813,8.611405597154768,-0.06841887352895526,5130.645320000002,5493.965555472495,-363.32023547249264,-0.42435276716228654,0.06841887352895526,363.32023547249264,0.0046811422549711745,132001.5935037875,0.06561545081316811,0.0002725845154591085,-0.07081375008641067,-7.081375008641066
2001,610526,8.308358223574025,8.44258292298427,-0.13422469941024495,4057.645764999998,4640.525638595837,-582.8798735958394,-0.8324986904696459,0.13422469941024495,582.8798735958394,0.01801626993177061,339748.9470431017,0.05369725997583617,0.000837049868607218,-0.14364976820391312,-14.364976820391313
2002,610526,8.122494116237313,8.464986191073029,-0.3424920748357163,3369.413984000002,4745.6618788959795,-1376.2478948959774,-2.1242305257507854,0.3424920748357163,1376.2478948959774,0.1173008213252739,1894058.2682056094,0.050973798497984696,0.005143824790163557,-0.4084531913950698,-40.845319139506984
2003,610526,8.484449800881919,8.468063782993065,0.016386017888853743,4838.934355000004,4760.289587062309,78.64476793769518,0.10163061265489957,0.016386017888853743,78.64476793769518,0.00026850158225383486,6184.999523973927,0.05299864794202003,1.2294332765245527e-05,0.01625249738228679,1.625249738228679
2004,610526,8.479980509027044,8.456806495388452,0.023174013638591617,4817.356000999998,4707.002136918753,110.35386408124486,0.14373163875068964,0.023174013638591617,110.35386408124486,0.0005370349081216303,12177.975317661865,0.04967788000296861,2.2888557150723643e-05,0.022907558432122797,2.29075584321228
2005,610526,8.500665041574363,8.486160502181937,0.014504539392426352,4918.038453,4847.219410899237,70.819042100763,0.08996116290902778,0.014504539392426352,70.819042100763,0.00021038166298644782,5015.3367240696425,0.05179531341973479,9.390499119246303e-06,0.014399855303604516,1.4399855303604516
2006,610526,8.501965332260845,8.479995287889182,0.021970044371663278,4924.437492000001,4817.427196566298,107.0102954337026,0.1362642885350628,0.021970044371663278,107.0102954337026,0.00048268284969285325,11451.203328808311,0.05720305877866306,2.4067961758293528e-05,0.021730460708973616,2.1730460708973616
2008,610526,8.598123079398148,8.474633052858888,0.12349002653926,5421.474359000003,4791.664155170089,629.8102038299139,0.7659192818587081,0.12349002653926,629.8102038299139,0.01524978665466714,396660.8928482777,0.04863153284975247,0.0006348611380144045,0.1161695439515245,11.61695439515245
2009,610526,8.594151770512298,8.49702531791099,0.09712645260130692,5399.986704999998,4900.170688652987,499.8160163470111,0.6024051084176131,0.09712645260130692,499.8160163470111,0.00943354779491392,249816.05019699567,0.04966780011084737,0.00040196997216665156,0.09255874942881202,9.255874942881203
2010,610526,8.536983257653135,8.49005642773425,0.04692682991888475,5099.935939000002,4866.140650798252,233.79528820174983,0.29105317148791116,0.04692682991888475,233.79528820174983,0.002202127366235937,54660.236785339264,0.04792935460070954,9.021945248344714e-05,0.04584278920326841,4.584278920326841
2011,610526,8.499721667346481,8.482666913963687,0.017054753382794274,4913.401089999998,4830.314768397636,83.08632160236175,0.1057782950518219,0.017054753382794274,83.08632160236175,0.00029086461294793275,6903.336837411085,0.049214361871043534,1.2269081237575807e-05,0.016910144333924466,1.6910144333924466
2012,610526,8.516343700901318,8.511214823457854,0.0051288774434645745,4995.754350999999,4970.197334622379,25.55701637762013,0.03181071571792743,0.0051288774434645745,25.55701637762013,2.630538383007971e-05,653.1610861259435,0.05267424039989711,1.1962962828899127e-06,0.005115747208928395,0.5115747208928395
2013,610526,8.522335884472742,8.538372052863858,-0.01603616839111588,5025.779696999998,5107.023626140855,-81.24392914085729,-0.09946074935844279,0.01603616839111588,81.24392914085729,0.00025715869666822404,6600.576022244641,0.05045308020962454,1.1149376084585276e-05,-0.016165437810446333,-1.6165437810446333
2014,610526,8.460129948106253,8.540299861553255,-0.0801699134470013,4722.671659999997,5116.878486755158,-394.20682675516036,-0.49723596516096413,0.0801699134470013,394.20682675516036,0.006427215022099681,155399.02226037302,0.05039451714399907,0.00027830064511789496,-0.08347114835316766,-8.347114835316766
2015,610526,8.456817789366976,8.53416671789903,-0.07734892853205366,4707.055297999999,5085.59197633738,-378.5366783373811,-0.4797394368927154,0.07734892853205366,378.5366783373811,0.005982856745056745,143290.01684669792,0.04964302720991605,0.0002547932110637781,-0.08041899964468638,-8.041899964468637
2016,610526,8.447351835496727,8.548189735131395,-0.1008378996346675,4662.708752,5157.409693924856,-494.7009419248561,-0.6254245289012942,0.1008378996346675,494.7009419248561,0.010168282002731274,244729.02194133986,0.050471102370118925,0.00044103039587355445,-0.10609732844940434,-10.609732844940433
2017,610526,8.42128647808116,8.548371662021323,-0.12708518394016188,4542.743838000002,5158.34805078414,-615.6042127841374,-0.7882174418950764,0.12708518394016188,615.6042127841374,0.01615064397710478,378968.5467975775,0.05585311366387834,0.0007840660049154485,-0.13551374119637014,-13.551374119637014
2018,610526,8.488296374310176,8.534836019472577,-0.046539645162400944,4857.5835160000015,5088.996910386311,-231.41339438630985,-0.2886517445958501,0.046539645162400944,231.41339438630985,0.0021659385718421896,53552.15910139378,0.05760290126121514,0.00010884716818443893,-0.047639612087795505,-4.76396120877955
2019,610526,8.601953655785067,8.48184314783648,0.12011050794858669,5442.281557000002,4826.337357160929,615.944199839073,0.7449585733340099,0.12011050794858669,615.944199839073,0.014426534119667506,379387.2573153959,0.058072840152563567,0.0007316358144950616,0.11317756962552403,11.317756962552403
2020,610526,8.658152783105669,8.4886014396573,0.16955134344836864,5756.890609000002,4859.0656224596605,897.8249865403413,1.0516043023998192,0.16955134344836864,897.8249865403413,0.02874765806514666,806089.7064561641,0.058810233486032176,0.0014787525395201827,0.15595658273178437,15.595658273178437
2021,610526,8.648885609713512,8.509271927874439,0.13961368183907297,5703.786946000004,4960.550134957772,743.2368110422321,0.865922649209544,0.13961368183907297,743.2368110422321,0.019491980156661894,552400.9572882267,0.05817508141915284,0.00099048323529633,0.13030585084589372,13.030585084589372
2022,610526,8.652060966433899,8.522363541493121,0.12969742494077785,5721.927290000001,5025.918697013652,696.0085929863499,0.8044192827020145,0.12969742494077785,696.0085929863499,0.016821422036268706,484427.9615108384,0.06408219588101535,0.0009534967046192206,0.12163883910282085,12.163883910282085
2001,610581,7.955239309818853,8.122346737165522,-0.16710742734666884,2850.4703929999996,3368.9174394855945,-518.4470464855949,-1.036446459147257,0.16710742734666884,518.4470464855949,0.027924892274422203,268787.3400096366,0.056065717979120695,0.0013614443639696288,-0.18188122485283958,-18.18812248528396
2002,610581,7.99990882413206,8.147078522902799,-0.14716969877073893,2980.686208,3453.275648497466,-472.58944049746606,-0.912787154985433,0.14716969877073893,472.58944049746606,0.021658920236270036,223340.779269708,0.0500363641148364,0.0009304715662125751,-0.15855055095335485,-15.855055095335485
2003,610581,7.979322479716634,8.172327069068414,-0.19300458935178,2919.952067,3541.57587346513,-621.6238064651297,-1.197067816847163,0.19300458935178,621.6238064651297,0.037250771510849226,386416.1567641971,0.06067211102591913,0.0019846524585577516,-0.2128883598776999,-21.288835987769993
2004,610581,8.074019384325023,8.126368260329688,-0.052348876004664646,3209.978069999998,3382.4928977206055,-172.51482772060763,-0.3246822001682563,0.052348876004664646,172.51482772060763,0.002740404818951754,29761.36578347093,0.04972094234086672,0.00011690855137077335,-0.05374330414681236,-5.374330414681236
2005,610581,8.041776644971252,8.162037263440803,-0.12026061846955116,3108.130332000001,3505.320595883518,-397.19026388351676,-0.7458896002811942,0.12026061846955116,397.19026388351676,0.01446261635467895,157760.10572385768,0.0514246255845135,0.0006404258224862707,-0.12779073637749777,-12.779073637749777
2006,610581,8.305975615361167,8.194189251968728,0.1117863633924383,4047.989493000002,3619.855011582679,428.13448141732306,0.6933299276918754,0.1117863633924383,428.13448141732306,0.01249619104050627,183299.13417848013,0.04947418530638372,0.0005301795809223783,0.10576472151364916,10.576472151364916
2007,610581,8.208703376405126,8.169853620943146,0.038849755461979996,3672.777168,3532.8267939181446,139.95037408185544,0.24095692290070217,0.038849755461979996,139.95037408185544,0.0015093034994556444,19586.107205651275,0.046114013676664345,5.926674667071711e-05,0.03810478220710161,3.810478220710161
2008,610581,8.156323058249612,8.142901816422542,0.013421241827069608,3485.3475939999967,3438.8824088110277,46.46518518896892,0.08324225194471974,0.013421241827069608,46.46518518896892,0.00018012973218068274,2159.0134346451764,0.048890228726077345,7.542940947549598e-06,0.013331578540102695,1.3331578540102695
2009,610581,8.068969286271129,8.188971830086729,-0.12000254381560005,3193.808230000003,3601.0178841871207,-407.20965418711785,-0.7442889499359023,0.12000254381560005,407.20965418711785,0.01440061052221501,165819.7024631921,0.04954203766639396,0.0006119042442062714,-0.1274997197271038,-12.74997197271038
2010,610581,8.34013778901864,8.217842482331193,0.12229530668744637,4188.666853999998,3706.496917062154,482.16993693784434,0.7585092990725069,0.12229530668744637,482.16993693784434,0.014956142037776565,232487.84808664478,0.049314086310917,0.0006322822296887108,0.115112983138631,11.511298313863099
2011,610581,8.373836073324687,8.192481486477638,0.18135458684704986,4332.222953,3613.67842369412,718.5445293058806,1.1248112808163908,0.18135458684704986,718.5445293058806,0.03288948617046415,516306.2405954095,0.047318660200061896,0.0013285831271299885,0.16586046865577384,16.586046865577384
2012,610581,8.400997913580024,8.200892171985947,0.20010574159407746,4451.506750999997,3644.20011067497,807.3066403250273,1.241111126077975,0.20010574159407746,807.3066403250273,0.0400423078189157,651744.011512883,0.04601876888978735,0.0015688049735241997,0.18135581623989944,18.135581623989943
2013,610581,8.387723902750537,8.232118091750923,0.15560581099961368,4392.807848999999,3759.788902105918,633.0189468940807,0.9651102550858691,0.15560581099961368,633.0189468940807,0.024213168416847494,400712.987126891,0.04909266056835154,0.0010185592928157368,0.1441034911277042,14.41034911277042
2014,610581,8.201008260772376,8.21158180799992,-0.010573547227544111,3644.6231859999984,3683.364235606146,-38.7410496061475,-0.06558006282916334,0.010573547227544111,38.7410496061475,0.00011179990097310576,1500.8689245859812,0.06434818751067467,6.367130238313673e-06,-0.010629644720190153,-1.0629644720190152
2015,610581,8.230320651204794,8.186906675507668,0.043413975697125906,3753.036974999998,3593.588899255737,159.44807574426113,0.26926547852026506,0.043413975697125906,159.44807574426113,0.0018847732858306388,25423.688858547634,0.047510764110856196,7.647605946662634e-05,0.042485079898329864,4.248507989832986
2016,610581,8.204192566501257,8.229150163707427,-0.024957597206169524,3656.247278000001,3748.646662048057,-92.39938404805571,-0.15479391708601706,0.024957597206169524,92.39938404805571,0.0006228816583054008,8537.646172460092,0.048552924505691736,2.588488189690407e-05,-0.0252716452205057,-2.52716452205057
2017,610581,8.108544551744636,8.231679167103223,-0.1231346153585875,3322.7384349999984,3758.13900020443,-435.4005652044316,-0.7637149234672335,0.1231346153585875,435.4005652044316,0.015162133499507291,189573.65218033848,0.05168577338935611,0.0006751827308016784,-0.131036665606341,-13.1036665606341
2018,610581,8.148294848624445,8.223838978682624,-0.07554413005817828,3457.478512,3728.7896847517836,-271.3111727517835,-0.46854557784393747,0.07554413005817828,271.3111727517835,0.005706915586246955,73609.7524599481,0.053560805642651664,0.0002643976784471073,-0.07847081964794102,-7.847081964794102
2019,610581,8.239394067745524,8.186540034187274,0.05285403355824947,3787.2447990000005,3592.2715825828805,194.97321641712006,0.3278153269600315,0.05285403355824947,194.97321641712006,0.002793548863376561,38014.555120037134,0.05276811514779651,0.0001272945350805219,0.05148154575817269,5.148154575817268
2020,610581,8.262962259842645,8.206391984475076,0.05657027536756942,3877.563455000003,3664.2977439043593,213.26571109564384,0.3508644859696681,0.05657027536756942,213.26571109564384,0.0032001960551626316,45482.26352913062,0.05531802453347134,0.00015369739691417089,0.05499992806581773,5.499992806581773
2021,610581,8.240634399926435,8.229274662475207,0.011359737451227758,3791.945154999999,3749.1133929914367,42.83176200856224,0.07045623192883292,0.011359737451227758,42.83176200856224,0.00012904363496082653,1834.5598367581154,0.051465875784834914,5.7193221364156e-06,0.011295459258445485,1.1295459258445484
2022,610581,8.271375756175862,8.224888941450478,0.04648681472538385,3910.324947000003,3732.7068311590137,177.61811584098905,0.28832407562116125,0.04648681472538385,177.61811584098905,0.0021610239433121647,31548.195074903004,0.0511802462412887,9.518949797611973e-05,0.04542285315118312,4.5422853151183125
2001,610582,8.396543291654224,8.421607832488808,-0.025064540834584648,4431.721073,4544.20390334181,-112.48283034180986,-0.15545721103266655,0.025064540834584648,112.48283034180986,0.0006282312072485612,12652.38712170438,0.053018622593272224,2.8777932649118863e-05,-0.02538129735355072,-2.538129735355072
2002,610582,8.530646779483847,8.44013406404282,0.09051271544102768,5067.722474000002,4629.1755489491115,438.5469250508904,0.5613848822652374,0.09051271544102768,438.5469250508904,0.008192551656508451,192323.4054715913,0.04896254245116733,0.00034362315970836886,0.08653728125422408,8.653728125422408
2003,610582,8.154802914317505,8.43592840833824,-0.28112549402073483,3480.053389000003,4609.747712425803,-1129.6943234258001,-1.7436180275180466,0.28112549402073483,1129.6943234258001,0.07903154338840222,1276209.2643804762,0.05002503604005657,0.0033943613678700355,-0.32461982537297196,-32.461982537297196
2004,610582,8.558345253314261,8.430246521670513,0.12809873164374785,5210.052717999996,4583.629917796713,626.4228002032833,0.7945037449352114,0.12809873164374785,626.4228002032833,0.016409285048736927,392405.5246145225,0.05120863226165895,0.0007232457801213205,0.12023348593749944,12.023348593749944
2005,610582,8.557259402420069,8.468707135117919,0.08855226730215016,5204.398448000001,4763.353114840951,441.04533315904973,0.549225640966727,0.08855226730215016,441.04533315904973,0.007841504044351452,194520.98590137716,0.04791652225103836,0.00032116567670775547,0.08474472843802709,8.47447284380271
2006,610582,8.556237189725602,8.465217911940721,0.09101927778488061,5199.081164000003,4746.761675202287,452.3194887977161,0.564526721954592,0.09101927778488061,452.3194887977161,0.008284508928481262,204592.9199462272,0.04713832647495404,0.0003332542791985501,0.0869998898901044,8.699988989010441
2007,610582,8.523170048964882,8.476722161926487,0.04644788703839531,5029.973772999995,4801.6849278044965,228.28884519549865,0.28808263534538964,0.04644788703839531,228.28884519549865,0.002157406210331531,52115.79684069435,0.04700092624906757,8.650633374256177e-05,0.045385692947528394,4.53856929475284
2008,610582,8.596925874667939,8.462945035913966,0.13398083875397226,5414.9876280000035,4735.985125905549,679.0025020944549,0.8309861992672362,0.13398083875397226,679.0025020944549,0.017950865153217917,461044.3978505303,0.050617136137266254,0.0007810785282648988,0.1253931770007092,12.53931770007092
2009,610582,8.613422992057851,8.50777253638026,0.10565045567759057,5505.060240999998,4953.117901585135,551.9423394148635,0.6552733318499968,0.10565045567759057,551.9423394148635,0.01116201878488253,304640.34603875235,0.04971224175748197,0.00047609141468932654,0.10026090819209686,10.026090819209687
2010,610582,8.621598302840752,8.492725779692927,0.12887252314782494,5550.250288999996,4879.147445008196,671.1028439918,0.7993030137484112,0.12887252314782494,671.1028439918,0.016608127222486675,450379.02721388225,0.0514769376331218,0.0007362615121518968,0.12091397847802544,12.091397847802545
2011,610582,8.457036383682729,8.466922487146418,-0.009886103463689011,4708.084345999999,4754.859787421031,-46.775441421032156,-0.061316346570565304,0.009886103463689011,46.775441421032156,9.773504169476386e-05,2187.941920132411,0.04896694476793286,4.099742766668405e-06,-0.009935132419786127,-0.9935132419786127
2012,610582,8.521583802959231,8.519317282895583,0.0022665200636478033,5022.001321999996,5010.631744798671,11.369577201325228,0.014057583985663636,0.0022665200636478033,11.369577201325228,5.137113198918042e-06,129.2672857368944,0.047561624987530644,2.0868756490384906e-07,0.002263953446511107,0.22639534465111072
2013,610582,8.541342177048735,8.540099489386487,0.0012426876622484428,5122.214669000001,5115.853309437608,6.361359562392863,0.00770749240661478,0.0012426876622484428,6.361359562392863,1.5442726259045e-06,40.46689548204712,0.047964850247604975,6.3319229573813e-08,0.0012419158456775062,0.12419158456775062
2014,610582,8.47673551968904,8.508408516353986,-0.031672996664946496,4801.749068,4956.268987285538,-154.51991928553798,-0.1964446809169375,0.031672996664946496,154.51991928553798,0.001003178717737712,23876.40545600917,0.046047400034129604,3.933003691869053e-05,-0.03217992383552392,-3.217992383552392
2015,610582,8.493420947406737,8.510357383140823,-0.01693643573408643,4882.540450000001,4965.937513576215,-83.39706357621344,-0.10504445628711233,0.01693643573408643,83.39706357621344,0.00028684285537483974,6955.070213134986,0.04656954652577721,1.1385773212507847e-05,-0.01708067028430116,-1.7080670284301163
2016,610582,8.44157955847784,8.533037414446193,-0.09145785596835232,4635.871835,5079.852041432961,-443.9802064329615,-0.5672469050878975,0.09145785596835232,443.9802064329615,0.008364539418327878,197118.4237042551,0.04797316477532648,0.00034303350721864113,-0.09577059552876131,-9.57705955287613
2017,610582,8.417942314956045,8.521752421995702,-0.10381010703965643,4527.577535000003,5022.8481984218015,-495.2706634217984,-0.6438589808563314,0.10381010703965643,495.2706634217984,0.010776538323584925,245293.03004626834,0.04838013194850535,0.00044608112461674685,-0.1093897696048618,-10.93897696048618
2018,610582,8.484747131653288,8.56257884330142,-0.07783171164813218,4840.373333,5232.156701606672,-391.7833686066724,-0.48273379123794513,0.07783171164813218,391.7833686066724,0.006057775338077995,153494.20791679175,0.04918475295706239,0.0002553559047265862,-0.0809407336280506,-8.09407336280506
2019,610582,8.51257929354072,8.514011510373154,-0.0014322168324341078,4976.983648999995,4984.116875701186,-7.133226701190324,-0.008883004713057849,0.0014322168324341078,7.133226701190324,2.0512450551075893e-06,50.88292317057459,0.04991577776188751,8.788721445012225e-08,-0.0014332429447751096,-0.14332429447751097
2020,610582,8.528135088722687,8.589789105744332,-0.0616540170216453,5055.009894000003,5376.479687157655,-321.4697931576511,-0.38239525704458643,0.0616540170216453,321.4697931576511,0.0038012178149053285,103342.82791282299,0.05437424587659367,0.0001790902495052908,-0.06359429554019601,-6.3594295540196
2021,610582,8.54638591520293,8.602772819206216,-0.056386904003286276,5148.115041,5446.7415014413655,-298.62646044136545,-0.34972716607768034,0.056386904003286276,298.62646044136545,0.003179482943075822,89177.76287573841,0.05561411463923863,0.0001536162200143097,-0.05800695168291315,-5.800695168291315
2022,610582,8.54820325676489,8.607588778048001,-0.059385521283111586,5157.479430999997,5473.036050244775,-315.5566192447777,-0.3683254193771299,0.059385521283111586,315.5566192447777,0.003526640138066899,99575.97994919363,0.05661221676656195,0.00017381423185163983,-0.06118427101193376,-6.118427101193376
2001,610821,7.6369594479108684,8.304399314817884,-0.6674398669070154,2073.429851,4041.6136713886976,-1968.1838203886978,-4.139646559900693,0.6674398669070154,1968.1838203886978,0.44547597593685445,3873747.5508398497,0.06467762969606843,0.025518213256968424,-0.9492406118487478,-94.92406118487477
2002,610821,8.61922289403002,8.332665212985223,0.2865576810447976,5537.081822000003,4157.483378007895,1379.5984439921076,1.7773099531009569,0.2865576810447976,1379.5984439921076,0.08211530456577197,1903291.8666654446,0.05685738540347795,0.004066780929900161,0.24915623217100924,24.915623217100922
2003,610821,8.947189363066428,8.326942283072023,0.6202470799944049,7686.258191999999,4133.7583451238,3552.4998468761996,3.8469438496172335,0.6202470799944049,3552.4998468761996,0.3847064402415857,12620255.162055422,0.05424089480395096,0.018075476804786654,0.462188461294952,46.2188461294952
2004,610821,8.72193281989496,8.311717661533525,0.4102151583614351,6136.027470000005,4071.3000968077386,2064.727373192267,2.544267810970618,0.4102151583614351,2064.727373192267,0.16827647614949726,4263099.125609439,0.05037223739536952,0.007282866799247592,0.33649252440394717,33.64925244039472
2005,610821,8.699514748210191,8.316859181052358,0.38265556715783333,5999.999999999995,4092.2866709307036,1907.7133290692918,2.373335607824063,0.38265556715783333,1907.7133290692918,0.1464252830768831,3639370.14590864,0.060080388871557505,0.007715461478916905,0.3179522215115489,31.79522215115489
2006,610821,8.411832675758411,8.317871589888416,0.09396108586999574,4500.000000000001,4096.431836062882,403.5681639371187,0.5827726289242628,0.09396108586999574,403.5681639371187,0.008828685657868714,162867.2629435771,0.05322747991722184,0.0004061955796550616,0.08968181420824858,8.968181420824859
2007,610821,8.476371196895983,8.333952260328235,0.14241893656774707,4800.000000000001,4162.83770083755,637.1622991624508,0.8833216145141124,0.14241893656774707,637.1622991624508,0.020283153493087965,405975.7954739805,0.05199004788904638,0.0009091267233332471,0.1327421456588439,13.27421456588439
2008,610821,8.77300456404704,8.317634502960898,0.45537006108614264,6457.545454999998,4095.4607407466347,2362.084714253363,2.8243310001732906,0.45537006108614264,2362.084714253363,0.20736189253359727,5579444.197309392,0.048030497556089055,0.008515192784449099,0.3657867731189457,36.578677311894566
2009,610821,8.736585168608137,8.32952718767331,0.4070579809348267,6226.596588999998,4144.457538330165,2082.1390506698326,2.5246861238088645,0.4070579809348267,2082.1390506698326,0.16569619984273773,4335303.026324272,0.04826466955952705,0.006840754810656347,0.33439440325203845,33.43944032520385
2010,610821,8.768133141433355,8.36412881364368,0.404004327789675,6426.164519,4290.37239554779,2135.79212345221,2.5057465228586886,0.404004327789675,2135.79212345221,0.16321949687278717,4561607.9946005,0.053261663249135324,0.007514867961341552,0.3323587681481533,33.23587681481533
2011,610821,8.67330522173748,8.346752300537196,0.32655292120028534,5844.785772000004,4216.464672297615,1628.321099702389,2.025371488725608,0.32655292120028534,1628.321099702389,0.10663681034443977,2651429.603735997,0.05157374042100884,0.004737215684414409,0.27859380364341396,27.859380364341398
2012,610821,7.918124903847122,8.368765856338738,-0.4506409524916162,2746.6160449999993,4310.313233050165,-1563.6971880501656,-2.7949997613675395,0.4506409524916162,1563.6971880501656,0.20307726806255108,2445148.895915995,0.050955077654232836,0.008901634587541696,-0.5693177213090103,-56.931772130901024
2014,610821,7.942418321744806,8.311240833837012,-0.36882251209220573,2814.157825,4069.3592509220744,-1255.2014259220746,-2.2875391763332247,0.36882251209220573,1255.2014259220746,0.13603004542600525,1575530.6196368092,0.05297782010252035,0.0062259144447164155,-0.44603092789299215,-44.60309278929921
2015,610821,8.025409767005483,8.29933599474769,-0.27392622774220676,3057.673974999999,4021.2014082905334,-963.5274332905346,-1.6989661879121427,0.27392622774220676,963.5274332905346,0.07503557824507533,928385.1147034457,0.05356560644196799,0.0034766962855817952,-0.31511777945211933,-31.511777945211932
2016,610821,7.9696024868822795,8.370578110761883,-0.40097562387960384,2891.707643999999,4318.131699657419,-1426.4240556574196,-2.4869616639613845,0.40097562387960384,1426.4240556574196,0.16078145094563753,2034685.586558161,0.06086678178171484,0.008597187548517418,-0.49328086766209067,-49.32808676620907
2017,610821,8.126742852671297,8.35291493940542,-0.22617208673412215,3383.7601909999994,4242.529452797418,-858.769261797419,-1.4027818043492852,0.22617208673412215,858.769261797419,0.051153812817667274,737484.6450080839,0.05233031253205686,0.0023094676436372728,-0.2537914075830615,-25.37914075830615
2018,610821,8.144829943055383,8.390926597684128,-0.24609665462874553,3445.5194060000026,4406.899225587534,-961.3798195875311,-1.5263594823275417,0.24609665462874553,961.3798195875311,0.06056356341946006,924251.1575101538,0.05461161815286564,0.0028672823784601452,-0.27902319107922924,-27.902319107922924
2019,610821,8.106454914961573,8.312508327370377,-0.2060534124088047,3315.802367999999,4074.5204076329705,-758.7180396329713,-1.2780002246295867,0.2060534124088047,758.7180396329713,0.04245800876531295,575653.0636644991,0.05771588822953449,0.0021383844693752675,-0.22881883641654108,-22.881883641654106
2020,610821,8.098928158068617,8.299059253685254,-0.2001310956166371,3290.9388180000014,4020.088730709424,-729.1499127094226,-1.24126837873469,0.2001310956166371,729.1499127094226,0.040052455432715545,531659.5952041586,0.06353031121640428,0.0022481081554619493,-0.22156288920392267,-22.156288920392267
2021,610821,8.010457297293575,8.302972060535048,-0.2925147632414724,3012.294311999998,4035.8493755031495,-1023.5550635031514,-1.814257423645065,0.2925147632414724,1023.5550635031514,0.08556488671421465,1047664.9680229402,0.06322768418181823,0.004776714470183652,-0.3397925160983247,-33.979251609832474
2022,610821,8.14789513763358,8.344162741895929,-0.19626760426234924,3456.0967960000025,4205.5600149883685,-749.463218988366,-1.2173059373418809,0.19626760426234924,749.463218988366,0.03852097248288213,561695.1166164033,0.055905783313290124,0.0018720516519139445,-0.2168524966823196,-21.68524966823196
2001,620121,8.709213327244516,8.374558890922112,0.33465443632240444,6058.474575999994,4335.355491977155,1723.1190840228392,2.07561932507479,0.33465443632240444,1723.1190840228392,0.11199359175026624,2969139.3777237083,0.049385940774426935,0.004742229420258359,0.28441467607189325,28.441467607189324
2002,620121,7.515796450004639,8.411761618946809,-0.8959651689421699,1836.829837,4499.680255707929,-2662.850418707929,-5.5570236560637065,0.8959651689421699,2662.850418707929,0.8027535839575711,7090772.352412992,0.050139646762873136,0.034565156203773165,-1.449699022233342,-144.9699022233342
2003,620121,7.794733429455908,8.386253714419954,-0.5915202849640462,2427.7821629999994,4386.354339261676,-1958.5721762616763,-3.6687723256783378,0.5915202849640462,1958.5721762616763,0.3498962475239464,3836004.9696263988,0.04903292544015138,0.014699096843868827,-0.806733077666852,-80.6733077666852
2004,620121,8.621107256869164,8.367216368374033,0.25389088849513186,5547.525529999995,4303.6396262433855,1243.8859037566099,1.5747014753846371,0.25389088849513186,1243.8859037566099,0.06446058326084748,1547252.141564398,0.052298324736236065,0.0029082600249790962,0.22422355643609104,22.422355643609105
2005,620121,8.660968912835664,8.422533355342013,0.2384355574936503,5773.125608999997,4548.41161477016,1224.7139942298372,1.4788432400818858,0.2384355574936503,1224.7139942298372,0.05685151507730782,1499924.3676624019,0.0471404388646387,0.002287032806407117,0.21214054174060806,21.214054174060806
2006,620121,8.699259678682726,8.404163162652921,0.2950965160298047,5998.469777999999,4465.619201544609,1532.8505764553902,1.8302701681313376,0.2950965160298047,1532.8505764553902,0.08708195377292878,2349630.889739622,0.047396952843893704,0.0035241077253739474,0.25554026829930465,25.554026829930464
2007,620121,8.724124582740409,8.42072439858586,0.3034001841545493,6149.490936000003,4540.191172303985,1609.299763696018,1.8817718132854542,0.3034001841545493,1609.299763696018,0.09205167174501441,2589845.7294320595,0.04609159888780363,0.00361272270749574,0.261696420149991,26.169642014999102
2008,620121,8.417951915408166,8.415889443827787,0.0020624715803787552,4527.621002000001,4518.292535511937,9.328466488063896,0.012792018885796223,0.0020624715803787552,9.328466488063896,4.25378901987004e-06,87.02028701893116,0.04680262206059802,1.6977548299926618e-07,0.002060346147335036,0.2060346147335036
2009,620121,8.414208376877786,8.437500414630408,-0.023292037752622008,4510.703363999997,4616.999963633827,-106.29659963382983,-0.14446365693218569,0.023292037752622008,106.29659963382983,0.0005425190226695689,11298.967093714711,0.04940797399974216,2.29836079483509e-05,-0.023565415647188163,-2.356541564718816
2010,620121,8.112578149499408,8.420727090390175,-0.30814894089076716,3336.168091999997,4540.203393626623,-1204.0353016266263,-1.9112249152974565,0.30814894089076716,1204.0353016266263,0.09495576977210152,1449701.007563121,0.04790320712149868,0.0038879284768904925,-0.36090366804773916,-36.090366804773915
2011,620121,8.436391620228605,8.40249147120503,0.033900149023574855,4611.883496999997,4458.1603003435475,153.72319665644955,0.2102580955133644,0.033900149023574855,153.72319665644955,0.0011492201038205833,23630.82119027746,0.048673619602620746,4.788861762516669e-05,0.03333197743534622,3.3331977435346225
2012,620121,8.462869174287839,8.449746492565072,0.013122681722766316,4735.625860000001,4673.887720025972,61.738139974028854,0.0813904996446509,0.013122681722766316,61.738139974028854,0.00017220477559702513,3811.5979274527795,0.045901809592104985,6.727959619959449e-06,0.01303695473401035,1.303695473401035
2013,620121,8.535808181986322,8.458862669750502,0.07694551223582025,5093.946648000004,4716.690511114696,377.25613688530757,0.47723733750412256,0.07694551223582025,377.25613688530757,0.005920611853232763,142322.1928176259,0.04618621461625736,0.00023288756062509228,0.07405969535103527,7.405969535103527
2014,620121,8.50004237519504,8.45971603229496,0.04032634290008019,4914.977109000001,4720.7172760314925,194.25983296850882,0.2501151263757961,0.04032634290008019,194.25983296850882,0.001626213931694848,37736.88270495294,0.0464354222031621,6.43459738885739e-05,0.03952405650329322,3.952405650329322
2015,620121,8.52144764617538,8.451723550165108,0.06972409601027252,5021.317588999996,4683.137405832474,338.18018316752205,0.43244811780372905,0.06972409601027252,338.18018316752205,0.0048614495644497,114365.83628721876,0.045901479688640855,0.00018993305241974865,0.06734889342756574,6.734889342756574
2016,620121,8.55080872079811,8.469051780405676,0.08175694039243275,5170.9345790000025,4764.9950649748425,405.93951402515995,0.5070791449901371,0.08175694039243275,405.93951402515995,0.006684197302331802,164786.88904698304,0.046200452425165496,0.0002630121353921009,0.07850409008726307,7.850409008726307
2017,620121,8.562281641067525,8.462656828116469,0.09962481295105619,5230.601923999999,4734.62037473884,495.98154926115876,0.6179006299470046,0.09962481295105619,495.98154926115876,0.009925103355532932,245997.69720749927,0.04639582524324607,0.0003923486628111177,0.09482303499056315,9.482303499056314
2018,620121,8.45425563359938,8.49451608631722,-0.04026045271784007,4695.010525999996,4887.890438984664,-192.8799129846675,-0.249706457251032,0.04026045271784007,192.8799129846675,0.0016209040530454357,37202.660832972906,0.0481540854750792,6.675006137956068e-05,-0.04108189149237014,-4.108189149237014
2019,620121,8.487726677851962,8.489566422885197,-0.0018397450332354737,4854.816955999998,4863.756802379524,-8.939846379525989,-0.011410607270465348,0.0018397450332354737,8.939846379525989,3.384661787314594e-06,79.92085328952393,0.05129995845559118,1.4947514201547764e-07,-0.0018414384024257316,-0.18414384024257316
2020,620121,8.50030631432599,8.47088086721794,0.02942544710804995,4916.274535,4773.718630255692,142.55590474430755,0.18250475725830279,0.02942544710804995,142.55590474430755,0.0008658569375086453,20322.18597746809,0.048133708482438434,3.5640032533292545e-05,0.028996733955645046,2.8996733955645047
2021,620121,8.488320484155695,8.510997922922005,-0.02267743876631023,4857.7006329999995,4969.1194130623335,-111.41878006233401,-0.14065174412093248,0.02267743876631023,111.41878006233401,0.0005142662289997501,12414.144550578758,0.05032808527617926,2.2235440989848906e-05,-0.022936526657371316,-2.2936526657371314
2022,620121,8.523629293207307,8.512291260557031,0.011338032650275665,5032.28429,4975.5503199827335,56.733970017266074,0.07032161275330923,0.011338032650275665,56.733970017266074,0.000128550984378717,3218.743353920046,0.054768483628832264,6.105542495313745e-06,0.011273999390297974,1.1273999390297975
2001,620122,8.844413075874758,8.814187320002592,0.03022575587216636,6935.532233999995,6729.036988164908,206.4952458350872,0.187468493448629,0.03022575587216636,206.4952458350872,0.0009135963180437992,42640.2865524931,0.04909905311357725,3.8437171358440544e-05,0.02977352550144421,2.977352550144421
2002,620122,8.947737983859506,8.851498135052864,0.0962398488066416,7690.476190000001,6984.845377293607,705.630812706394,0.5969061465926484,0.0962398488066416,705.630812706394,0.009262108498325235,497914.843840686,0.050812034215990565,0.00040473104784566805,0.0917538518127047,9.175385181270471
2003,620122,8.876092185061895,8.84885252289103,0.02723966217086371,7158.760890999997,6966.390608259761,192.37028274023578,0.16894791484516244,0.02723966217086371,192.37028274023578,0.0007419991951827835,37006.32568155826,0.049866835511298425,3.175709811804177e-05,0.026872008392134446,2.6872008392134448
2004,620122,8.905113989820395,8.81407107791222,0.09104291190817371,7369.565216999998,6728.254836299584,641.3103807004136,0.5646733073206114,0.09104291190817371,641.3103807004136,0.008288811808719479,411279.0043941094,0.04877686248378809,0.00034620700585763443,0.08702146759228738,8.702146759228738
2005,620122,8.92709289654802,8.852376496796042,0.07471639975197775,7533.3333330000005,6990.983293515804,542.3500394841967,0.4634117656692656,0.07471639975197775,542.3500394841967,0.0055825403918973405,294143.5653285097,0.04736873259648282,0.00022577117714979588,0.071993368076309,7.199336807630901
2006,620122,8.987101177213285,8.845569442254245,0.14153173495903992,7999.234889000007,6943.5568891257335,1055.6779998742732,0.8778189448812022,0.14153173495903992,1055.6779998742732,0.020031232000515924,1114456.0394185458,0.04745055598197659,0.0008116493270425372,0.13197237167344197,13.197237167344197
2007,620122,8.935903526274423,8.862981959192531,0.07292156708189168,7600.000000000003,7065.5204558513415,534.4795441486613,0.4522797172905099,0.07292156708189168,534.4795441486613,0.005317554945678828,285668.38311336073,0.04640323455797008,0.00021024478107193716,0.07032625580903436,7.032625580903436
2008,620122,9.114767592105478,8.83744704908497,0.2773205430205081,9088.522130999998,6887.387015785643,2201.135115214355,1.720018669583868,0.2773205430205081,2201.135115214355,0.0769066835811895,4844995.795429713,0.04717230053196014,0.0030961137985223617,0.24218845302763953,24.218845302763953
2009,620122,9.035068921873874,8.848015231175811,0.18705369069806288,8392.291809999992,6960.560148356992,1431.7316616429998,1.1601586983458407,0.18705369069806288,1431.7316616429998,0.03498908320376658,2049855.5509510254,0.047520165850236266,0.0014200167064333357,0.17060079583231286,17.060079583231285
2010,620122,9.109530672849292,8.865067645817234,0.24446302703205802,9041.050684999993,7080.272295872736,1960.7783891272566,1.5162272723771155,0.24446302703205802,1960.7783891272566,0.05976217158567673,3844651.891268479,0.04597700237067067,0.002339073437120359,0.21687505771650897,21.687505771650898
2011,620122,9.140203548210968,8.843354429764753,0.29684911844621453,9322.66255,6928.193844843587,2394.4687051564124,1.8411402928027716,0.29684911844621453,2394.4687051564124,0.0881193991222947,5733480.379973426,0.04740775827259256,0.003566985868444798,0.25684386754472976,25.684386754472975
2012,620122,9.138546679993686,8.896286438972567,0.24226024102111943,9307.228916000004,7304.7963013647395,2002.4326146352641,1.5025649846048306,0.24226024102111943,2002.4326146352641,0.05869002437961088,4009736.37615502,0.047248811369522595,0.002366958814221863,0.21514809968764106,21.514809968764105
2013,620122,9.126917899158736,8.907416566151312,0.21950133300742358,9199.624059999993,7386.55375463424,1813.0703053657526,1.3614079456904653,0.21950133300742358,1813.0703053657526,0.048180835192035865,3287223.9321990632,0.0475954620102521,0.0019588062498862423,0.1970809126047868,19.70809126047868
2014,620122,8.948466183431867,8.896129508106517,0.0523366753253498,7696.078431000001,7303.650043298838,392.42838770116305,0.3246065281824215,0.0523366753253498,392.42838770116305,0.0027391275841110786,154000.03947373433,0.04639381656291716,0.00010827514343299632,0.05099069496491245,5.0990694964912455
2015,620122,8.951768041989295,8.881462141400483,0.07030590058881181,7721.531792000007,7197.306525985019,524.2252660149879,0.43605663063237643,0.07030590058881181,524.2252660149879,0.0049429196576038885,274812.1295284849,0.047425349497274,0.0002001661212452455,0.06789135629255821,6.789135629255822
2016,620122,9.023212100697396,8.901453416719718,0.12175868397767786,8293.373493999994,7342.637699943864,950.7357940561296,0.7551810166839343,0.12175868397767786,950.7357940561296,0.014825177123976028,903898.5500995393,0.04671969636996707,0.0005905452558663038,0.11463800523923809,11.463800523923808
2017,620122,9.016954737423566,8.883093789068804,0.13386094835476214,8241.640867000002,7209.059580210604,1032.5812867893983,0.8302426058691444,0.13386094835476214,1032.5812867893983,0.017918753494436297,1066224.1138276495,0.0472887448106364,0.0007233317225410136,0.1252883137536255,12.52883137536255
2018,620122,8.410988437711959,8.919036248361065,-0.5080478106491064,4496.2025319999975,7472.8837541353205,-2976.681222135323,-3.1510529650630703,0.5080478106491064,2976.681222135323,0.2581125779053503,8860631.09821304,0.04735414370860198,0.01043515040071892,-0.6620434023934499,-66.204340239345
2019,620122,8.458500740766787,8.903087682146515,-0.4445869413797272,4714.983712999997,7354.647329666729,-2639.663616666732,-2.757451110896495,0.4445869413797272,2639.663616666732,0.197657548445381,6967824.0091540925,0.048709341529320264,0.00824315984185551,-0.5598457550105082,-55.98457550105081
2020,620122,8.462128637497273,8.888349211464362,-0.4262205739670897,4732.120252999997,7247.045963193028,-2514.9257101930307,-2.6435378230524096,0.4262205739670897,2514.9257101930307,0.18166397767283538,6324851.327789919,0.04926898254170345,0.007672229920603815,-0.5314585377661645,-53.14585377661645
2021,620122,8.408731957050486,8.926734365817632,-0.5180024087671455,4486.068376000004,7530.632885623477,-3044.564509623473,-3.2127941344143993,0.5180024087671455,3044.564509623473,0.26832649548856496,9269373.053258818,0.04967299706716648,0.011434898284833048,-0.6786709997358877,-67.86709997358878
2022,620122,8.449939932710885,8.932710239967456,-0.4827703072565708,4674.791924999998,7575.769731748787,-2900.9778067487896,-2.9942749013751753,0.4827703072565708,2900.9778067487896,0.23306716956860374,8415672.235249018,0.05236192043316927,0.010529462028663244,-0.6205576319311348,-62.05576319311348
2001,620123,8.354554263189492,8.386227199484457,-0.03167293629496548,4249.490036000002,4386.238036901185,-136.74800090118333,-0.19644430648562672,0.03167293629496548,136.74800090118333,0.0010031748935449417,18700.015750470036,0.050317479606308495,4.3364382538041256e-05,-0.03217986152284351,-3.2179861522843507
2002,620123,8.252683554622378,8.421279432325669,-0.1685958777032912,3837.911258999999,4542.711831050414,-704.8005720504148,-1.0456782397223798,0.1685958777032912,704.8005720504148,0.028424569978543125,496743.8463625919,0.04831550566269102,0.0011748677094490024,-0.18364170625301446,-18.364170625301448
2003,620123,8.347238882456326,8.423461175826526,-0.07622229337020059,4218.516827000003,4552.633682595968,-334.1168555959648,-0.4727517341748045,0.07622229337020059,334.1168555959648,0.005809838006612925,111634.0731933348,0.047790533377254196,0.00023726595894064565,-0.07920244704430204,-7.920244704430204
2004,620123,8.343706918933142,8.396060422229906,-0.05235350329676436,4203.643461000002,4429.581646970023,-225.93818597002064,-0.3247108999130153,0.05235350329676436,225.93818597002064,0.002740889307444317,51048.06387942363,0.050400304780888916,0.00011869653699626773,-0.05374818013616034,-5.374818013616034
2005,620123,8.461251214311153,8.457279466947954,0.00397174736319883,4727.970001999999,4709.228941626165,18.741060373834443,0.0246338750860851,0.00397174736319883,18.741060373834443,1.5774777117076857e-05,351.2273439357076,0.05081538399918647,6.893687372410132e-07,0.00396387040651838,0.396387040651838
2006,620123,8.305417399838971,8.432740553080622,-0.127323153241651,4045.7304729999996,4595.075902173271,-549.3454291732714,-0.7896933932865275,0.127323153241651,549.3454291732714,0.016211185351396942,301780.40055356576,0.047130325768954484,0.0006519926867343721,-0.13578399076246903,-13.578399076246903
2007,620123,8.684665690793295,8.45120361425509,0.2334620765382045,5911.563876999998,4680.703107418059,1230.8607695819392,1.4479963363400523,0.2334620765382045,1230.8607695819392,0.054504541181530454,1515018.2340958435,0.04793365481374343,0.0022332293531277816,0.20821237750146357,20.821237750146356
2008,620123,8.414280831910483,8.428582095440536,-0.014301263530052566,4511.030199,4576.007149460593,-64.97695046059289,-0.0887003898175341,0.014301263530052566,64.97695046059289,0.00020452613855601157,4222.004091158343,0.04661559160227152,8.127153285704793e-06,-0.014404015844317981,-1.440401584431798
2009,620123,8.429417789106306,8.448956172091222,-0.019538382984915614,4579.832887999997,4670.195310154109,-90.36242215411221,-0.12118245241229537,0.019538382984915614,90.36242215411221,0.00038174840966524,8165.367337557989,0.048293602499331456,1.577086029041616e-05,-0.019730506410152726,-1.9730506410152726
2010,620123,8.381710253250578,8.451670867796096,-0.0699606145455185,4366.4703139999965,4682.89069355828,-316.42037955828346,-0.4339150711418942,0.0699606145455185,316.42037955828346,0.004894487587586614,100121.85659980816,0.04698734581015908,0.0001961938242994211,-0.07246594086389653,-7.246594086389653
2011,620123,8.39993381515134,8.424169788132781,-0.02423597298144209,4446.7724290000015,4555.860878129522,-109.08844912952009,-0.15031820416033098,0.02423597298144209,109.08844912952009,0.0005873823863571909,11900.28973348389,0.04858123150433572,2.44253351980913e-05,-0.024532051250945645,-2.4532051250945646
2012,620123,8.437410544740574,8.475911351012378,-0.03850080627180397,4616.585052999998,4797.793247180687,-181.20819418068913,-0.23879264356062258,0.03850080627180397,181.20819418068913,0.0014823120835789796,32836.40963822634,0.04612206903682763,5.821800923475243e-05,-0.03925156627688133,-3.9251566276881333
2013,620123,8.423894164886718,8.488151689486518,-0.06425752459979961,4554.605349999998,4856.880748226727,-302.2753982267286,-0.39854293075117275,0.06425752459979961,302.2753982267286,0.004129029467693852,91370.41637312737,0.04681772864674421,0.00016485454782300368,-0.06636697913392842,-6.636697913392842
2014,620123,8.349094335041855,8.473729528723748,-0.12463519368189324,4226.351351000002,4787.33672622105,-560.9853752210483,-0.7730219250443502,0.12463519368189324,560.9853752210483,0.015533931504123041,314704.5912119004,0.0461211785403139,0.0006100843598075135,-0.13273514874439224,-13.273514874439224
2015,620123,8.348750100439382,8.470980346331167,-0.12223024589178522,4224.896745000004,4774.193539173196,-549.2967941731922,-0.7581057740325791,0.12223024589178522,549.2967941731922,0.014940233010766277,301726.9680889463,0.04673440791513804,0.0005953341600943112,-0.13001425296920285,-13.001425296920285
2016,620123,8.35911815459643,8.479594821028659,-0.12047666643222854,4268.928571000004,4815.49836286386,-546.5697918638562,-0.747229589469457,0.12047666643222854,546.5697918638562,0.014514627154622463,298738.53737809905,0.04613892249573091,0.0005702924200278287,-0.12803441959110157,-12.803441959110156
2017,620123,8.36584458770432,8.460025095947277,-0.09418050824295676,4297.740024000001,4722.176503639869,-424.4364796398686,-0.584133547137918,0.09418050824295676,424.4364796398686,0.008869968132901647,180146.3252490846,0.04897457278624271,0.0003721371101020171,-0.09875806290507919,-9.875806290507919
2018,620123,8.677193611189159,8.5151667855025,0.1620268256866595,5867.556818000001,4989.878229302912,877.6785886970893,1.004935163183551,0.1620268256866595,877.6785886970893,0.02625269224209514,770319.7050573144,0.04940931927216074,0.0011122185536347718,0.14958160882304883,14.958160882304883
2019,620123,8.702895654334046,8.494825941003054,0.20806971333099256,6020.319767000003,4889.405209408258,1130.9145575917446,1.290505880329986,0.20806971333099256,1130.9145575917446,0.04329300560564142,1278967.7365729315,0.048945302631554256,0.0018151490308447944,0.18784958297244947,18.78495829724495
2020,620123,8.713042085492242,8.504633222138851,0.20840886335339093,6081.715474000004,4937.59288971304,1144.1225842869644,1.2926093825226521,0.20840886335339093,1144.1225842869644,0.043434254324252373,1309016.487875482,0.048347632625962964,0.0017965753681685598,0.1881249771019728,18.812497710197277
2021,620123,8.69385103260997,8.52999708152737,0.1638539510826007,5966.113757999999,5064.431054394722,901.6827036052764,1.0162674999749777,0.1638539510826007,901.6827036052764,0.026848117285379305,813031.6979809208,0.051700794701064624,0.0011959549044411224,0.15113401121395054,15.113401121395054
2022,620123,8.704722376114043,8.536030610396795,0.16869176571724864,6031.327267000003,5095.079812475264,936.2474545247396,1.0462729636919774,0.16869176571724864,936.2474545247396,0.028456911820803104,876559.2961040544,0.05422215188009755,0.001336536316359338,0.1552307498960227,15.52307498960227
2001,620421,8.50902517642011,8.455214072449996,0.053811103970113905,4959.326263000003,4699.512563611406,259.81369938859643,0.3337513422244738,0.053811103970113905,259.81369938859643,0.0028956349104824084,67503.15838998795,0.05322456079055818,0.00013321601748785187,0.05238891043063369,5.2388910430633695
2002,620421,8.448476067907318,8.485890505877126,-0.037414437969808034,4667.953668000004,4845.9108562301,-177.9571882300961,-0.23205468703881182,0.037414437969808034,177.9571882300961,0.001399840168596613,31668.760842761858,0.05638325415307124,6.868024445926171e-05,-0.03812316935577947,-3.8123169355779467
2003,620421,8.591659161338253,8.47914863774151,0.11251052359674318,5386.5434099999975,4813.350247237338,573.1931627626591,0.6978213694639405,0.11251052359674318,573.1931627626591,0.012658617920013306,328550.4018378602,0.054236535151040696,0.0005947133464240006,0.10641205670013515,10.641205670013514
2004,620421,8.62158521757948,8.448201438618087,0.17338377896139257,5550.177663000001,4666.671887217324,883.5057757826771,1.0753741268801134,0.17338377896139257,883.5057757826771,0.030061934806933036,780582.4558413501,0.0526358869701407,0.0013660278008607958,0.15918513413949376,15.918513413949375
2005,620421,8.626188759996547,8.486927697519292,0.13926106247725478,5575.7870429999975,4850.93960190454,724.8474410954577,0.8637356064503671,0.13926106247725478,724.8474410954577,0.01939364352229386,525403.812862633,0.052012563692979366,0.0008696750844654933,0.1299991257746208,12.99991257746208
2006,620421,8.615235793479705,8.470800572826336,0.144435220653369,5515.048872999995,4773.335342810713,741.7135301892822,0.8958271657894756,0.144435220653369,741.7135301892822,0.02086153296518739,550138.9608658473,0.05180984958525666,0.0009314556745736382,0.13448902217720798,13.448902217720798
2007,620421,8.722822219821749,8.4898452156114,0.2329770042103494,6141.48728,4865.112971434296,1276.3743085657043,1.4449877836705605,0.2329770042103494,1276.3743085657043,0.05427828449082916,1629131.3755665796,0.05115052528019019,0.002389329747570589,0.20782821006928867,20.782821006928867
2008,620421,8.549744743145249,8.490471159118647,0.05927358402660232,5165.435746000004,4868.15921059814,297.27653540186384,0.36763115356861503,0.05927358402660232,297.27653540186384,0.003513357763358686,88373.33850053561,0.051054267219038794,0.000154335627130943,0.05755110507996698,5.755110507996698
2009,620421,8.480480396102374,8.493583877634164,-0.01310348153178964,4819.764737,4883.336028236054,-63.571291236053185,-0.08127141475256262,0.01310348153178964,63.571291236053185,0.00017170122825395219,4041.3090694190923,0.05096975062042231,7.528705724358339e-06,-0.013189708358176483,-1.3189708358176482
2010,620421,8.438317219658234,8.485529646871568,-0.047212427213333186,4620.772692999999,4844.162481134916,-223.38978813491667,-0.2928245248578547,0.047212427213333186,223.38978813491667,0.002229013283374284,49902.99744296296,0.050454853721443475,9.664488951054141e-05,-0.04834468236737321,-4.834468236737321
2011,620421,8.435722735929021,8.470619180887986,-0.03489644495896549,4608.799712000004,4772.46957678435,-163.66986478434592,-0.216437398318118,0.03489644495896549,163.66986478434592,0.001217761870774108,26787.824638526075,0.05240320263604632,5.506397448918871e-05,-0.0355124707108005,-3.55124707108005
2012,620421,8.427106943926713,8.514107987718699,-0.08700104379198592,4569.261822000002,4984.5977532637635,-415.33593126376127,-0.53960452394049,0.08700104379198592,415.33593126376127,0.007569181620895052,172503.93579873582,0.05024644218534754,0.0003266832790600902,-0.09089781838808383,-9.089781838808383
2013,620421,8.48813019475479,8.529629155704152,-0.041498960949361674,4856.776351999998,5062.568062172393,-205.79171017239514,-0.25738802767292795,0.041498960949361674,205.79171017239514,0.0017221637598766452,42350.22797567908,0.05114463273487946,7.579996331179159e-05,-0.04237207877353691,-4.237207877353691
2014,620421,8.442561350498002,8.523426712343545,-0.08086536184554305,4640.425531999998,5031.264948754835,-390.83941675483675,-0.5015493283766691,0.08086536184554305,390.83941675483675,0.006539206746410609,152755.44968926097,0.05081124186360152,0.00028574209745323636,-0.08422490869848892,-8.422490869848891
2015,620421,8.383669638075274,8.513737011282313,-0.13006737320703898,4375.034297000002,4982.748927908963,-607.7146309089612,-0.806713804116904,0.13006737320703898,607.7146309089612,0.016917521572979162,369317.07262081496,0.05074766278690253,0.0007382168541902627,-0.13890511242978743,-13.890511242978743
2018,620421,8.429801369266524,8.571341904257858,-0.1415405349913339,4581.589958,5278.20788970711,-696.6179317071101,-0.8778735251141474,0.1415405349913339,696.6179317071101,0.020033723045633015,485276.5427758919,0.05528644452644219,0.0009615559403341274,-0.152047201537696,-15.2047201537696
2019,620421,8.470744065287672,8.552999808689716,-0.08225574340204389,4773.065621000001,5182.27697269731,-409.2113516973095,-0.5101728591435538,0.08225574340204389,409.2113516973095,0.006766007322622887,167453.93035793913,0.05269124054456101,0.0003078097010321307,-0.08573344349109871,-8.57334434910987
2020,620421,8.480741169641227,8.494448485386071,-0.01370731574484374,4821.021767999996,4887.56002420793,-66.53825620793396,-0.08501656146428577,0.01370731574484374,66.53825620793396,0.00018789050492884108,4427.3395391926615,0.058206853307568605,9.553498194711637e-06,-0.013801691718047852,-1.3801691718047853
2021,620421,8.447748821161913,8.528226897934816,-0.08047807677290386,4664.560148,5055.474011780497,-390.9138637804972,-0.49914727929608127,0.08047807677290386,390.9138637804972,0.006476720841065408,152813.64889579712,0.053893247414282225,0.00030213690066647315,-0.08380508587676963,-8.380508587676964
2022,620421,8.406023377300933,8.531634452815654,-0.12561107551472084,4473.933942999997,5072.730200932655,-598.7962579326577,-0.7790746139417863,0.12561107551472084,598.7962579326577,0.015778142291964902,358556.9585141539,0.0557516134620582,0.0007644257855575167,-0.13384110395048318,-13.384110395048317
2001,640106,8.986067293235983,8.998908483239013,-0.012841190003030079,7990.968881999999,8094.244100939876,-103.27521893987705,-0.07964461018400681,0.012841190003030079,103.27521893987705,0.00016489616069391964,10665.770847079539,0.04934770083633316,6.976355186806974e-06,-0.012923992129728964,-1.2923992129728965
2002,640106,8.993063869695842,9.047388759996336,-0.05432489030049403,8047.074350999993,8496.322994447699,-449.24864344770594,-0.33693798707525013,0.05432489030049403,449.24864344770594,0.0029511937061607106,201824.34363960402,0.055391844245126304,0.0001419497661370284,-0.055827574575830624,-5.582757457583062
2003,640106,8.951969539603928,8.997854949641495,-0.04588541003756674,7723.087819000005,8085.721033290415,-362.63321429041025,-0.2845939974965696,0.04588541003756674,362.63321429041025,0.0021054708543156307,131502.8481065946,0.05140266282026425,9.318919736009755e-05,-0.04695443361375171,-4.695443361375172
2004,640106,8.910511896537034,9.01532472286162,-0.10481282632458466,7409.453001000004,8228.21781522941,-818.7648142294047,-0.6500781230505712,0.10481282632458466,818.7648142294047,0.010985728562147547,670375.8210201116,0.04870220917773935,0.0004580776172914811,-0.11050273402353743,-11.050273402353742
2005,640106,8.910511896537034,9.038646345710161,-0.12813444917312644,7409.453001000004,8422.3683609708,-1012.9153599707961,-0.7947252749260785,0.12813444917312644,1012.9153599707961,0.016418437064900523,1025997.5264647674,0.05025834537037796,0.0007087997391241731,-0.1367058215814433,-13.67058215814433
2006,640106,8.798333318832027,9.052565887054998,-0.2542325682229709,6623.196045999996,8540.423596831317,-1917.2275508313205,-1.5768206675097514,0.2542325682229709,1917.2275508313205,0.06463419874524756,3675761.4816666637,0.047146765379826074,0.0026004994641764777,-0.2894716595304782,-28.947165953047822
2007,640106,8.91371241737569,9.060421412556288,-0.14670899518059777,7433.205098999996,8607.77731525227,-1174.5722162522734,-0.9099297439636735,0.14670899518059777,1174.5722162522734,0.021523529266900657,1379619.8911917773,0.047851820962044433,0.0008802324891841908,-0.15801692548619314,-15.801692548619314
2008,640106,9.032669759394036,9.0175327477573,0.01513701163673531,8372.181472000006,8246.405997602755,125.77547439725095,0.09388393060721653,0.01513701163673531,125.77547439725095,0.00022912912129066017,15819.469959853528,0.04996691858187498,9.82833436518569e-06,0.01502302295021859,1.502302295021859
2009,640106,9.214713141469046,9.034222290412153,0.18049085105689322,10043.823439999995,8385.189638602802,1658.6338013971927,1.1194541526769606,0.18049085105689322,1658.6338013971927,0.03257694731524161,2751066.087137302,0.04668992418670225,0.0012967603112843896,0.16513968124843834,16.513968124843835
2010,640106,9.033913337262014,9.066638304295397,-0.03272496703338312,8382.599408000002,8661.45762437666,-278.8582163766587,-0.20296929194593802,0.03272496703338312,278.8582163766587,0.0010709234673360122,77761.90484077139,0.04732662954984188,4.3268364797391696e-05,-0.033266317857266095,-3.3266317857266094
2011,640106,9.006385516280858,9.048169007966875,-0.041783491686016916,8154.9918550000075,8502.954820118974,-347.96296511896617,-0.25915276595660164,0.041783491686016916,347.96296511896617,0.0017458601774754448,121078.22509438287,0.04589480115547762,6.819851987518263e-05,-0.04266870786702531,-4.2668707867025315
2012,640106,9.094757697062084,9.080172805286375,0.014584891775708542,8908.469184999998,8779.483037030217,128.9861479697811,0.09045953060254806,0.014584891775708542,128.9861479697811,0.00021271906810913066,16637.426368082262,0.0500235380222939,9.135864706883201e-06,0.014479047442513111,1.447904744251311
2013,640106,9.18284494886202,9.077203762425894,0.10564118643612552,9728.791352999993,8753.455033849115,975.3363191508779,0.6552158414520656,0.10564118643612552,975.3363191508779,0.011160060271632232,951280.9354547831,0.04635854785404575,0.0004407787461065212,0.10025256825454694,10.025256825454694
2014,640106,9.113924871009427,9.051300322218857,0.06262454879056989,9080.866267999994,8529.62197356042,551.2442944395734,0.38841476336673836,0.06262454879056989,551.2442944395734,0.003921834111222469,303870.2721521831,0.04665177781616901,0.0001559727819551072,0.0607039326613695,6.07039326613695
2015,640106,9.10790481146333,9.050770121399315,0.05713469006401439,9026.363133000003,8525.100759681223,501.2623733187793,0.35436514194235263,0.05713469006401439,501.2623733187793,0.003264372808710985,251263.96690517524,0.04869612584348432,0.0001360975020431714,0.05553314950139611,5.553314950139611
2016,640106,9.165310437105044,9.097709526543499,0.06760091056154494,9559.688646000006,8934.804316260832,624.8843297391741,0.41927953472284935,0.06760091056154494,624.8843297391741,0.004569883108749998,390480.42555357685,0.047207455449386856,0.0001841253160654525,0.06536659852417265,6.536659852417265
2017,640106,9.235603741653735,9.082676848835414,0.1529268928183214,10255.851930000003,8801.494792588668,1454.3571374113344,0.9484948639723098,0.1529268928183214,1454.3571374113344,0.023386634547066357,2115154.683139291,0.04812048843603111,0.00096233951775388,0.1418075404498682,14.18075404498682
2018,640106,9.247762703625776,9.130503968768117,0.11725873485765881,10381.313639999991,9232.673776132622,1148.639863867369,0.7272710882873284,0.11725873485765881,1148.639863867369,0.013749610900418728,1319373.536865248,0.05061007224166653,0.0005981810461258256,0.11064494376141111,11.064494376141111
2019,640106,9.188144639596867,9.066553692977026,0.12159094661984149,9780.487805,8660.724798031186,1119.7630069688148,0.7541406632217537,0.12159094661984149,1119.7630069688148,0.014784358299909142,1253869.191775842,0.04938520284287565,0.000626014947287388,0.11448948450161835,11.448948450161835
2020,640106,9.085471389932614,9.076809189994634,0.00866219993798012,8826.125331000007,8750.001843126218,76.12348787378869,0.05372535857140674,0.00866219993798012,76.12348787378869,7.503370776554279e-05,5794.785406070854,0.04946606045816756,3.1829000211413474e-06,0.008624791176080416,0.8624791176080415
2021,640106,9.075706645948237,9.097363829840637,-0.021657183892399345,8740.359896999998,8931.716117688771,-191.35622068877274,-0.13432384135632955,0.021657183892399345,191.35622068877274,0.00046903361414920165,36617.2031962903,0.0529746086639169,2.1465598459607376e-05,-0.021893402896882196,-2.1893402896882197
2022,640106,9.067840309368899,9.12838720206959,-0.06054689270069069,8671.874999999993,9213.151029584445,-541.2760295844528,-0.37552856595545403,0.06054689270069069,541.2760295844528,0.0036659262157089515,292979.7402027094,0.050209863624290044,0.00015809275708466905,-0.06241741602415316,-6.241741602415316
2001,640121,8.834394991414118,8.895939134624198,-0.06154414321007984,6866.398359000003,7302.259754347731,-435.8613953477279,-0.3817137892920263,0.06154414321007984,435.8613953477279,0.003787681563462816,189975.15595446838,0.0566235996205672,0.00018672197886868028,-0.06347744080074101,-6.347744080074101
2002,640121,9.032555867895141,8.9496096164835,0.08294625141164147,8371.228006000005,7704.883414441175,666.34459155883,0.5144555807013189,0.08294625141164147,666.34459155883,0.006880080623243234,444015.11469970393,0.05688921145139968,0.00034095144696289495,0.07959938387548796,7.959938387548796
2003,640121,8.869691479116886,8.92570840545199,-0.056016926335104245,7113.086099000005,7522.9107167515895,-409.8246177515848,-0.34743246230394964,0.056016926335104245,409.8246177515848,0.0031378960360324954,167956.2173152326,0.05905581446160907,0.00016216906410310863,-0.05761558514091375,-5.761558514091375
2004,640121,8.829767179474272,8.932927690810939,-0.10316051133666626,6834.695372999994,7577.417268389611,-742.7218953896172,-0.6398300087338373,0.10316051133666626,742.7218953896172,0.010642091099242449,551635.8138911455,0.05232061536174303,0.0004803651266862422,-0.10866934879405017,-10.866934879405017
2005,640121,8.82047363358707,8.95182793636276,-0.13135430277568894,6771.471062000004,7721.994282159015,-950.5232201590106,-0.8146956970571386,0.13135430277568894,950.5232201590106,0.01725395285768736,903494.392061455,0.04974722216321534,0.0007365015562271434,-0.1403717466198942,-14.037174661989422
2006,640121,8.852119429597476,8.96593978371037,-0.11382035411289415,6989.186372000002,7831.738411652801,-842.5520396527991,-0.7059453004112548,0.11382035411289415,842.5520396527991,0.012955073010384621,709893.9395230919,0.0464011254872998,0.0005121904094425936,-0.12055080445818721,-12.05508044581872
2007,640121,8.841423492671792,9.014894326195833,-0.1734708335240409,6914.828845999997,8224.67717970989,-1309.8483337098933,-1.0759140633427957,0.1734708335240409,1309.8483337098933,0.030092130083525518,1715702.657322584,0.05257731173087676,0.0013657093045751157,-0.18942599489900577,-18.942599489900577
2008,640121,8.905891540529165,8.99165798138253,-0.08576644085336582,7375.297655999997,8035.769012097601,-660.4713560976043,-0.5319471752247382,0.08576644085336582,660.4713560976043,0.0073558823766538975,436222.41222540836,0.04717468620822983,0.00029615000563674976,-0.0895518237911786,-8.95518237911786
2009,640121,8.892237078259788,9.000531362480137,-0.10829428422034937,7275.2763549999945,8107.390746487555,-832.1143914875602,-0.6716710873252829,0.10829428422034937,832.1143914875602,0.01172765199479781,692414.3605207126,0.0491209248365264,0.0004936527338531769,-0.11437564030343433,-11.437564030343433
2010,640121,8.923715113166761,8.992564868258933,-0.06884975509217206,7507.930291999998,8043.059851039857,-535.1295590398586,-0.4270252137291374,0.06884975509217206,535.1295590398586,0.004740288776252073,286363.6449581935,0.04578197463671468,0.00018467096123935174,-0.07127524340630342,-7.127524340630343
2011,640121,8.919894385163033,8.990285917850638,-0.07039153268760501,7479.299263000004,8024.75098692916,-545.4517239291554,-0.4365877445810068,0.07039153268760501,545.4517239291554,0.004954967874110164,297517.5831372875,0.047392909515838286,0.00020050311180377242,-0.07292818548222799,-7.292818548222798
2012,640121,8.948626576677745,9.009551034846014,-0.060924458168269524,7697.312929000002,8180.847534842403,-483.5346058424002,-0.3778703313585952,0.060924458168269524,483.5346058424002,0.0037117896030972233,233805.71504716531,0.05327735848194214,0.00017095233218986295,-0.0628186238889496,-6.28186238889496
2013,640121,9.00668782918948,9.013726966333973,-0.007039137144493779,8157.457587000002,8215.081623516795,-57.62403651679324,-0.043658674450941126,0.007039137144493779,57.62403651679324,4.9549451738992035e-05,3320.529584488721,0.048521162618136916,2.0576253777650254e-06,-0.007063970103703002,-0.7063970103703002
2014,640121,9.019147332450688,8.998939770396419,0.02020756205426899,8259.731272999998,8094.497350790853,165.23392220914502,0.12533288598654901,0.02020756205426899,165.23392220914502,0.000408345564177132,27302.24904861779,0.046342639440713304,1.612198080022674e-05,0.02000475763046596,2.000475763046596
2015,640121,9.043106406853678,8.980432383269735,0.06267402358394314,8460.016532999993,7946.067119312657,513.9494136873354,0.38872161971192265,0.06267402358394314,513.9494136873354,0.003928033232200661,264143.99982955586,0.04769482071624902,0.00016006213430802766,0.06075040299065287,6.075040299065287
2016,640121,9.050046868732409,9.043854502208085,0.0061923665243242,8518.937187000001,8466.347799966965,52.58938703303647,0.03840676898557832,0.0061923665243242,52.58938703303647,3.834540317157097e-05,2765.6436285105046,0.04863590032151174,1.596508636704779e-06,0.006173233336347226,0.6173233336347226
2017,640121,9.220222059879418,9.031911569180867,0.18831049069855155,10099.306730000004,8365.836171721314,1733.47055827869,1.1679537193753995,0.18831049069855155,1733.47055827869,0.03546084090712927,3004920.1764190337,0.04982927559524708,0.0015164386165002258,0.17164252998964905,17.164252998964905
2018,640121,9.175497097674082,9.074858345479122,0.10063875219496055,9657.567633000006,8732.948589551364,924.6190434486416,0.6241893614284307,0.10063875219496055,924.6190434486416,0.010128158443358676,854920.375507881,0.05339763384127706,0.0004676402139722086,0.09574036430138051,9.574036430138051
2019,640121,9.157275783668116,9.013015258538298,0.1442605251298179,9483.18760199999,8209.236965974105,1273.9506360258856,0.894743655860035,0.1442605251298179,1273.9506360258856,0.020811099110730823,1622950.2230307586,0.04777037000771581,0.0008495026985547022,0.13433780807596923,13.433780807596923
2020,640121,9.137601683310407,8.98846315197661,0.14913853133379718,9298.437769999997,8010.137067605527,1288.3007023944701,0.9249983988004806,0.14913853133379718,1288.3007023944701,0.022242301528402002,1659718.6997900852,0.0518240121751429,0.0009934073600971812,0.13855023115291232,13.855023115291232
2021,640121,9.156139221554465,9.002161587280193,0.15397763427427158,9472.415492999999,8120.618395037062,1351.7970979629363,0.9550118529463519,0.15397763427427158,1351.7970979629363,0.023709111856701333,1827355.3940610164,0.052116733606971596,0.0010655584652061376,0.14270880526322965,14.270880526322966
2022,640121,9.161934749196233,9.029648206941607,0.13228654225462577,9527.472527,8346.92266616174,1180.5498608382604,0.8204777040113652,0.13228654225462577,1180.5498608382604,0.01749972926168489,1393697.9739252361,0.049807401768291036,0.0007479911388985058,0.12391007767198366,12.391007767198365
2002,640122,8.886176970946021,8.984271314329593,-0.09809434338357192,7231.320722000005,7976.630150330298,-745.3094283302935,-0.6084082346104348,0.09809434338357192,745.3094283302935,0.00962250020385412,555486.1439580289,0.05751266166791588,0.00048271952928824013,-0.10306684725831926,-10.306684725831925
2003,640122,8.839079624937307,8.954217754569436,-0.115138129632129,6898.640380999999,7740.470513309668,-841.8301323096684,-0.7141185084639914,0.115138129632129,841.8301323096684,0.01325678889518494,708677.9716645139,0.05083302453701265,0.000579553555944056,-0.12202841224021596,-12.202841224021595
2004,640122,8.929164863585381,8.942420634999037,-0.013255771413655637,7548.958333000006,7649.691773774722,-100.73344077471575,-0.08221595869851496,0.013255771413655637,100.73344077471575,0.00017571547577108996,10147.226090313165,0.05034138052394321,7.599668126496649e-06,-0.013344018648819804,-1.3344018648819804
2005,640122,8.80822671607277,8.946638348062233,-0.13841163198946305,6689.047164000004,7682.024115037187,-992.9769510371825,-0.8584672037507247,0.13841163198946305,992.9769510371825,0.01915777986998655,986003.2252910992,0.05136136912947238,0.0008471780223409487,-0.14844819100414133,-14.844819100414133
2006,640122,8.800404807401213,8.973578755858222,-0.17317394845700917,6636.930141000005,7891.793932434787,-1254.863791434782,-1.074072700086928,0.17317394845700917,1254.863791434782,0.02998921642419087,1574683.1350540759,0.05295844726058398,0.0013720085392911587,-0.18907292449603935,-18.907292449603936
2007,640122,8.815520439250903,8.972681651700569,-0.1571612124496653,6738.013579000006,7884.717345978824,-1146.7037669788178,-0.9747572848502265,0.1571612124496653,1146.7037669788178,0.024699646698648832,1314929.529203411,0.05148674293097689,0.0010952011016727259,-0.17018424696451875,-17.018424696451877
2008,640122,8.863332170026803,8.925975514491395,-0.06264334446459152,7067.995310999999,7524.920422600015,-456.92511160001595,-0.38853133933284784,0.06264334446459152,456.92511160001595,0.003924188605709469,208780.55761068704,0.05378109066643945,0.0001826378367185396,-0.06464705924307822,-6.464705924307822
2009,640122,8.871818336051074,8.936384283715359,-0.0645659476642848,7128.230715000002,7603.654634977207,-475.4239199772046,-0.40045585585678084,0.0645659476642848,475.4239199772046,0.004168761597787164,226027.90368649145,0.05069333428980341,0.00018169349475342448,-0.06669592202967921,-6.66959220296792
2010,640122,8.903024335203822,8.963761497350543,-0.060737162146720536,7354.181449999997,7814.697209744077,-460.51575974407933,-0.37670866965732264,0.060737162146720536,460.51575974407933,0.003689002865637022,212074.7649726666,0.048004562339229756,0.00015139666036092286,-0.0626195808296353,-6.26195808296353
2011,640122,8.934009572032735,8.966468304920793,-0.032458732888057895,7585.619570000002,7835.87874554861,-250.25917554860825,-0.20131803417955527,0.032458732888057895,250.25917554860825,0.0010535693406982913,62629.654946269126,0.04837492402391455,4.36059936506674e-05,-0.03299126369826746,-3.299126369826746
2012,640122,8.98028135510536,9.000453944805347,-0.020172589699987142,7944.867130000002,8106.763115442529,-161.89598544252658,-0.12511597777762618,0.020172589699987142,161.89598544252658,0.00040693337520402735,26210.31010240678,0.052225187413784825,1.8331057258029526e-05,-0.020377431465304637,-2.0377431465304636
2013,640122,9.012450374188239,9.000801104714562,0.011649269473677393,8204.601005999995,8109.5779471598,95.02305884019552,0.07225198956954589,0.011649269473677393,95.02305884019552,0.00013570547927035196,9029.38171134726,0.04898492604004789,5.694814217528326e-06,0.011581679446776936,1.1581679446776936
2014,640122,8.909119193535663,8.972006986886905,-0.0628877933512424,7399.141015999997,7879.399598670014,-480.25858267001695,-0.3900474789026719,0.0628877933512424,480.25858267001695,0.003954874552588567,230648.3062282135,0.05038473573045889,0.00017121067747913769,-0.06490734284310837,-6.490734284310837
2015,640122,9.001991890972908,8.958013304447311,0.04397858652559705,8119.240472999999,7769.905681207717,349.334791792282,0.27276735095799415,0.04397858652559705,349.334791792282,0.0019341160727894267,122034.796756557,0.0512041921494725,8.523874770452189e-05,0.04302555059847924,4.302555059847924
2016,640122,9.040453997382102,9.01405907988435,0.026394917497752246,8437.606838000007,8217.810416550903,219.79642144910395,0.16370857486350163,0.026394917497752246,219.79642144910395,0.0006966916697131477,48310.46688183212,0.04960809059628429,2.9647098095430778e-05,0.026049616398244387,2.6049616398244386
2017,640122,9.273891726024615,9.006516179619517,0.2673755464050984,10656.142079999998,8156.057483080264,2500.0845969197335,1.658337051406061,0.2673755464050984,2500.0845969197335,0.07148968281542493,6250422.991755306,0.04879022172794477,0.0029868820435232997,0.2346144203174639,23.46144203174639
2018,640122,9.169500154373221,9.052610028333035,0.116890126040186,9599.825059999996,8540.800590364288,1059.0244696357076,0.7249848745040979,0.116890126040186,1059.0244696357076,0.01366330156569057,1121532.8272871918,0.05685638337067856,0.0006766650529363272,0.11031705921896333,11.031705921896332
2019,640122,9.138237078065494,8.988736480694172,0.14950059737132193,9304.347826000007,8012.326767337985,1292.0210586620215,0.9272440324538043,0.14950059737132193,1292.0210586620215,0.02235042861438211,1669318.4160261308,0.05192238564914894,0.001000339072123811,0.1388620763995523,13.88620763995523
2020,640122,9.143499614565266,8.996727789285593,0.14677182527967325,9353.441361000001,8076.612263579252,1276.8290974207493,0.9103194336067291,0.14677182527967325,1276.8290974207493,0.021541968695926932,1630292.5440202854,0.052292407360938715,0.0009717841880111554,0.13650901824697387,13.650901824697387
2021,640122,9.113687609771311,9.004858658737453,0.1088289510338587,9078.711985999997,8142.549845175235,936.162140824762,0.6749872387045731,0.1088289510338587,936.162140824762,0.011843740583130015,876399.5539136016,0.06349237689835431,0.0006643276987842268,0.1031161845720394,10.31161845720394
2022,640122,9.153392020059918,9.02608123214741,0.12731078791250816,9446.428570999999,8317.202440561856,1129.2261304381427,0.7896167000969442,0.12731078791250816,1129.2261304381427,0.016208036718903633,1275151.6536643014,0.05406343819118184,0.0007587602513994358,0.11954000625218329,11.95400062521833
2003,640221,8.818504852547449,8.889132517807202,-0.07062766525975306,6758.152632999998,7252.724844124207,-494.5722111242094,-0.43805230406934403,0.07062766525975306,494.5722111242094,0.004988267100043729,244601.67201628955,0.055219868666585306,0.00023909918105732928,-0.07318156868923288,-7.318156868923288
2004,640221,8.741086426447373,8.881949690136876,-0.14086326368950353,6254.687279999999,7200.81641923968,-946.1291392396806,-0.8736729012770758,0.14086326368950353,946.1291392396806,0.019842459057258604,895160.348118419,0.05284242425957409,0.0009055830270786868,-0.15126721719006242,-15.126721719006241
2005,640221,8.77405999619728,8.897155712862002,-0.12309571666472152,6464.364553999998,7311.148930744561,-846.7843767445629,-0.7634736630148228,0.12309571666472152,846.7843767445629,0.0151525554612014,717043.7806986779,0.058328021333522564,0.0007722507770567986,-0.1309926706130137,-13.09926706130137
2006,640221,8.838225430668995,8.915657833628686,-0.07743240295969045,6892.750118000001,7447.679852156316,-554.9297341563151,-0.48025716836837273,0.07743240295969045,554.9297341563151,0.005995777028111878,307947.0098507986,0.05674695797286772,0.0002962962482700921,-0.0805091907665635,-8.050919076656351
2007,640221,8.888707721957315,8.918989360976164,-0.03028163901884895,7249.644570999996,7472.533378372586,-222.88880737259024,-0.18781509617254635,0.03028163901884895,222.88880737259024,0.0009169776616678751,49679.42045197564,0.05358999931981958,4.2508755260325004e-05,-0.030744791029368432,-3.0744791029368432
2008,640221,8.8632990493375,8.887081802076356,-0.023782752738854995,7067.761217999995,7237.866807206925,-170.10558920692984,-0.14750720692877903,0.023782752738854995,170.10558920692984,0.0005656193278375148,28935.911479436763,0.05432645969008309,2.6622429903738707e-05,-0.024067817794085802,-2.4067817794085804
2009,640221,8.914454508128202,8.907541960874934,0.006912547253268286,7438.723259000005,7387.480047575728,51.243211424276524,0.04287352895137986,0.006912547253268286,51.243211424276524,4.778330952866693e-05,2625.866717073104,0.05130000543318488,2.110232772004519e-06,0.0068887105542309425,0.6888710554230942
2010,640221,8.915915521739048,8.915971694114358,-5.6172375309415656e-05,7449.599277999993,7450.017751439756,-0.41847343976223783,-0.0003483965998145398,5.6172375309415656e-05,0.41847343976223783,3.1553357479018496e-09,0.1751200197864393,0.054097996411050744,1.4781856774803441e-10,-5.617395300685034e-05,-0.005617395300685034
2011,640221,8.920115386526655,8.887568335893425,0.03254705063323016,7480.952381000002,7241.389130967404,239.56325003259826,0.20186580524944173,0.03254705063323016,239.56325003259826,0.0010593105049220475,57390.55076618119,0.05215539381915356,4.764778806353847e-05,0.03202309516647065,3.202309516647065
2012,640221,8.95578740968616,8.909219788312518,0.0465676213736419,7752.629923000003,7399.885368377773,352.74455462222977,0.2888252607916377,0.0465676213736419,352.74455462222977,0.00216854336039887,124428.72081563524,0.05204318930794441,9.730819873030524e-05,0.045499986214449624,4.549998621444963
2013,640221,8.930392114730594,8.916231889657151,0.014160225073442945,7558.228488,7451.956465063797,106.27202293620303,0.08782563032133657,0.014160225073442945,106.27202293620303,0.00020051197413056224,11293.742858952863,0.050957779218044445,8.789704211898083e-06,0.014060440631680866,1.4060440631680866
2014,640221,8.949424644282548,8.899763558309932,0.04966108597261609,7703.458356999998,7330.240159870498,373.21819712949946,0.30801178338379526,0.04966108597261609,373.21819712949946,0.0024662234599795666,139291.82266859393,0.0514236295288614,0.0001092056402337756,0.048448135867491596,4.84481358674916
2015,640221,8.917897536387203,8.883896816198124,0.03400072018907885,7464.379134999997,7214.8509756430085,249.5281593569889,0.21088186568345196,0.03400072018907885,249.5281593569889,0.0011560489733760339,62264.30231208685,0.05622745320567445,5.654373432088946e-05,0.033429191476484266,3.3429191476484266
2016,640221,8.890283121519921,8.946179281236944,-0.05589615971702244,7261.074659000004,7678.498361954955,-417.4237029549504,-0.3466834343541961,0.05589615971702244,417.4237029549504,0.0031243806711108825,174242.54778862264,0.05249109726398088,0.00014153945446555385,-0.05748786819559269,-5.748786819559269
2017,640221,9.004989535441469,8.923344699566428,0.08164483587504101,8143.615584999998,7505.149767513325,638.4658174866727,0.5063838417833918,0.08164483587504101,638.4658174866727,0.006665879225062384,407638.60009892524,0.05105127612128886,0.00029280134898676595,0.07840078044237311,7.840078044237312
2018,640221,9.022250158510559,8.987743775911355,0.034506382599204244,8285.399584000006,8004.376838853433,281.02274514657347,0.21401812373505305,0.034506382599204244,281.02274514657347,0.0011906904400826655,78973.78328971598,0.05748835597970795,5.970350521985484e-05,0.03391782644849845,3.391782644849845
2019,640221,8.995856712201906,8.914483564758964,0.08137314744294244,8069.579974999996,7438.939406375323,630.6405686246726,0.5046987550226719,0.08137314744294244,630.6405686246726,0.00662158912477085,397707.52679525036,0.05422845291842659,0.00031103658642882515,0.07815035857856689,7.815035857856689
2020,640221,9.005092346158724,8.928728736845652,0.07636360931307173,8144.452879000002,7545.666748240125,598.7861307598769,0.4736282147175036,0.07636360931307173,598.7861307598769,0.0058314008273194565,358544.83039038436,0.052761568791590274,0.00026568467029978353,0.07352073118426555,7.3520731184265555
2021,640221,8.96947736323996,8.938001386159236,0.03147597708072425,7859.492872000004,7615.960470686658,243.53240131334678,0.19522271099200894,0.03147597708072425,243.53240131334678,0.0009907371331862782,59308.03048944499,0.05520880587070408,4.7477696857946394e-05,0.030985765275129657,3.0985765275129658
2022,640221,8.988588694431106,8.955766124813795,0.032822569617311004,8011.142743000002,7752.464911017741,258.6778319822615,0.20357465015246354,0.032822569617311004,258.6778319822615,0.0010773210762832274,66914.22075904312,0.053141369163553775,4.9476860449379315e-05,0.03228975444337073,3.228975444337073
2001,640381,8.88184622912157,8.955931218673161,-0.07408498955159182,7200.071454000001,7753.744901025835,-553.6734470258343,-0.45949558506107613,0.07408498955159182,553.6734470258343,0.0054885856768594685,306554.28594146937,0.05229459214964586,0.0002476082055394186,-0.07689832671288852,-7.689832671288851
2002,640381,9.054170200397463,9.001083759558016,0.053086440839447135,8554.136109000005,8111.8704826278,442.2656263722047,0.3292567811640847,0.053086440839447135,442.2656263722047,0.0028181702010001207,195598.88427039856,0.05778570887425842,0.00014212903638886903,0.05170196273904115,5.170196273904115
2003,640381,8.90325901740162,8.995723542047774,-0.09246452464615373,7355.907547999999,8068.5054193419,-712.5978713419008,-0.5734905425084967,0.09246452464615373,712.5978713419008,0.008549688318039171,507795.72624100826,0.057067505985743484,0.0004251796732631886,-0.09687422886869335,-9.687422886869335
2004,640381,8.824497834219626,8.996197016214804,-0.1716991819951783,6798.775723000004,8072.3265527571,-1273.550829757096,-1.0649257908100425,0.1716991819951783,1273.550829757096,0.029480609097813363,1621931.7159749875,0.054655310031080845,0.0013969567433646138,-0.18732061206971734,-18.732061206971736
2005,640381,8.845779820339942,8.953016489758573,-0.10723666941863108,6945.017815000002,7731.177741120104,-786.1599261201018,-0.6651114679607371,0.10723666941863108,786.1599261201018,0.011499703268000766,618047.4294371639,0.0499923627579728,0.0004935493975870994,-0.11319768315383386,-11.319768315383385
2006,640381,8.859040270515044,8.970925846763485,-0.11188557624844186,7037.725190000003,7870.885466929477,-833.1602769294741,-0.6939452732509538,0.11188557624844186,833.1602769294741,0.012518382172445898,694156.047053198,0.049210491953946875,0.0005279972657895727,-0.11838488352931464,-11.838488352931464
2007,640381,8.899404132528268,8.979440384284041,-0.08003625175577334,7327.605956000005,7938.188537208861,-610.582581208856,-0.49640695840287746,0.08003625175577334,610.582581208856,0.0064058015951135305,372811.08847566927,0.04968383594794015,0.00027305296201039005,-0.08332633944499944,-8.332633944499944
2008,640381,8.88170271955423,8.949005583177568,-0.06730286362333793,7199.038249000001,7700.230813544945,-501.1925645449437,-0.41743096522076795,0.06730286362333793,501.1925645449437,0.004529675451901623,251193.98675513756,0.04948417405669485,0.00019222471686892098,-0.06961937792378906,-6.961937792378905
2010,640381,8.923348927252828,8.975548100612068,-0.05219917335923974,7505.181496999999,7907.350908911156,-402.1694119111571,-0.3237537029779205,0.05219917335923974,402.1694119111571,0.0027247536993879632,161740.23587696595,0.04800143311769054,0.00011181585466162644,-0.053585567793652145,-5.358556779365214
2011,640381,8.940157339521091,8.96215757326224,-0.022000233741149344,7632.397839000005,7802.173075212048,-169.77523621204364,-0.13645153135008628,0.022000233741149344,169.77523621204364,0.00048401028466520606,28823.630830855214,0.05039968236972389,2.0960189716356546e-05,-0.02224402341090327,-2.224402341090327
2012,640381,8.955934377654504,8.991777269222338,-0.03584289156783349,7753.769395000005,8036.727638799359,-282.958243799354,-0.22230752181955984,0.03584289156783349,282.958243799354,0.0012847128759434692,80065.36773401467,0.04863922319376987,5.349297417924034e-05,-0.036492991909434246,-3.6492991909434247
2013,640381,8.998718433113314,9.003299754257544,-0.004581321144229378,8092.705934999999,8129.866276548302,-37.16034154830322,-0.028414620185029448,0.004581321144229378,37.16034154830322,2.0988503426563176e-05,1380.8909839865507,0.04810169944754736,8.632872211054229e-07,-0.004591831440160099,-0.45918314401600985
2014,640381,8.969774874818555,8.98511215886284,-0.015337284044285582,7861.831509999995,7983.3400767930925,-121.50856679309709,-0.09512607544162754,0.015337284044285582,121.50856679309709,0.00023523228185509708,14764.331804112537,0.04875542155277819,9.820417926155216e-06,-0.015455503801950236,-1.5455503801950237
2015,640381,8.981221255984256,8.962312338153431,0.01890891783082438,7952.338028000006,7803.380671123398,148.95735687660726,0.11727833551890914,0.01890891783082438,148.95735687660726,0.00035754717353286814,22188.29416766494,0.052924495200320124,1.6346146523639415e-05,0.018731265742493806,1.8731265742493806
2016,640381,8.962202046522274,9.00169200099485,-0.03948995447257708,7802.520071000004,8116.805959214096,-314.28588821409267,-0.24492761413937714,0.03948995447257708,314.28588821409267,0.0015594565042462106,98775.61953052114,0.05063667333048069,6.78840980622728e-05,-0.04028004867071268,-4.028004867071268
2017,640381,9.00075364709168,9.004264349151354,-0.003510702059674742,8109.193095000007,8137.71208745225,-28.518992452242856,-0.021774344663462394,0.003510702059674742,28.518992452242856,1.2325028951804475e-05,813.332930491085,0.049428208377738724,5.223811467951334e-07,-0.0035168717920685834,-0.3516871792068583
2018,640381,9.138684383037747,9.033467560768244,0.10521682226950269,9308.510637999994,8378.863474984653,929.647163015341,0.6525838175805426,0.10521682226950269,929.647163015341,0.011070579688492116,864243.847702472,0.05119390621131193,0.00048778475447995107,0.09987066665855827,9.987066665855828
2019,640381,9.194354804907698,8.994669413638476,0.19968539126922202,9841.415240000002,8060.0046597920345,1781.4105802079675,1.2385039971626697,0.19968539126922202,1781.4105802079675,0.03987425548634229,3173423.6552768876,0.05384470922019302,0.001858254961088364,0.18101162655626013,18.101162655626013
2020,640381,9.20039475366991,9.005105272007444,0.1952894816624653,9901.036757999991,8144.558153646206,1756.4786043537852,1.2112393505877292,0.1952894816624653,1756.4786043537852,0.03813798164799437,3085217.087552621,0.053685019622479346,0.0017714704555672686,0.1774035030154351,17.740350301543508
2021,640381,9.192503720075317,9.046199483863774,0.14630423621154343,9823.214795999995,8486.224526419617,1336.9902695803776,0.9074193169470803,0.14630423621154343,1336.9902695803776,0.021404929533443095,1787542.9809526107,0.0520436300798171,0.0009605040657465888,0.13610516489212868,13.610516489212868
2022,640381,9.201921103189088,9.042740775642262,0.1591803275468262,9916.160740000008,8456.923852331176,1459.2368876688324,0.987280394841752,0.1591803275468262,1459.2368876688324,0.025338376677914876,2129372.2943334207,0.05447184054494483,0.0011961796930013478,0.14715744590368865,14.715744590368866
2001,640402,8.712319239857344,8.519958902525008,0.19236033733233526,6077.320921000003,5013.847696080362,1063.4732249196413,1.1930719877272116,0.19236033733233526,1063.4732249196413,0.03700249937860982,1130975.300120982,0.0517231166233306,0.0016490732262674829,0.17499046680994598,17.4990466809946
2002,640402,8.392935070166516,8.564588263835473,-0.17165319366895737,4415.759256,5242.6808749240645,-826.9216189240642,-1.0646405584979266,0.17165319366895737,826.9216189240642,0.029464818896752586,683799.3638439953,0.04976350850198915,0.0012581889930056381,-0.1872660104376089,-18.72660104376089
2003,640402,8.605092299122996,8.54650378447618,0.05858851464681614,5459.389771999995,5148.721881341703,310.667890658292,0.36338216389638095,0.05858851464681614,310.667890658292,0.003432614048520189,96514.53828607246,0.04926000809147907,0.0001449407324772579,0.05690524099444942,5.690524099444942
2004,640402,8.523763305073741,8.553544781096829,-0.02978147602308745,5032.958720999998,5185.101940348239,-152.14321934824056,-0.18471294700907398,0.02978147602308745,152.14321934824056,0.0008869363141137327,23147.55919364684,0.04797408947318633,3.637442718945478e-05,-0.030229379532445526,-3.0229379532445524
2005,640402,8.60372465534935,8.583747597989667,0.01997705735968225,5451.928375000001,5344.095566394398,107.83280860560353,0.12390323215060291,0.01997705735968225,107.83280860560353,0.0003990828207520347,11627.914611772723,0.04719493542475772,1.6074772592193687e-05,0.019778838089670153,1.9778838089670154
2006,640402,8.53055341997435,8.583606008263656,-0.05305258828930626,5067.2493760000025,5343.3389509331255,-276.089574933123,-0.32904681828999993,0.05305258828930626,276.089574933123,0.0028145771241946354,76225.45338675255,0.04813106202387453,0.00011584540459156241,-0.054485097228639506,-5.4485097228639505
2007,640402,8.68256670826991,8.589106485701075,0.0934602225688348,5899.168621,5372.810846715512,526.3577742844882,0.5796661362731125,0.0934602225688348,526.3577742844882,0.008734813202616137,277052.5065497202,0.04803134398491304,0.00035869686792564713,0.08922575503448865,8.922575503448865
2008,640402,8.568870043945958,8.584370030863635,-0.015499986917676623,5265.177009000001,5347.422942583284,-82.24593358328275,-0.09613520363955853,0.015499986917676623,82.24593358328275,0.00024024959444814644,6764.393590985757,0.047581228273091365,9.764206175978225e-06,-0.015620734771631822,-1.5620734771631821
2009,640402,8.547476235215035,8.593858942234387,-0.046382707019352765,5153.7311949999985,5398.405667689949,-244.67447268995056,-0.2876783708490926,0.046382707019352765,244.67447268995056,0.0021513555104431164,59865.59758610537,0.04732885216184841,8.69253908815595e-05,-0.047475210373278044,-4.747521037327805
2010,640402,8.803734642456673,8.600282031466147,0.20345261099052614,6659.066858999995,5433.191706323302,1225.8751526766928,1.2618693352746335,0.20345261099052614,1225.8751526766928,0.04139296491886236,1502769.8899501048,0.046068536483688236,0.0016236451763408258,0.18409113148036252,18.40911314803625
2011,640402,8.676790048886865,8.565187223869541,0.11160282501732333,5865.1893709999995,5245.82197184137,619.3673991586293,0.6921915719525406,0.11160282501732333,619.3673991586293,0.01245519055184729,383615.9751405248,0.04839477085922211,0.0005157386707828985,0.10560057996098918,10.560057996098918
2012,640402,8.782378824385596,8.61573517970301,0.1666436446825852,6518.364790000002,5517.80370023216,1000.5610897678425,1.033569950857735,0.1666436446825852,1000.5610897678425,0.027770104313095702,1001122.4943574127,0.046929291840839445,0.001111644157998641,0.15349878719626586,15.349878719626586
2013,640402,8.765097690312759,8.662783786524331,0.10231390378842775,6406.687785999998,5783.6126161873735,623.0751698126242,0.6345791146856702,0.10231390378842775,623.0751698126242,0.010468134908427651,388222.6672370304,0.06055179919224664,0.0005564744221580117,0.09725386824283501,9.7253868242835
2014,640402,8.77876462767849,8.629250117461973,0.14951451021651607,6494.848659,5592.882674858265,901.9659841417351,0.9273303237657291,0.14951451021651607,901.9659841417351,0.022354588765284688,813542.6365487688,0.0469297128761484,0.000894868547532553,0.13887405719483065,13.887405719483064
2015,640402,8.67160548958986,8.611392493969943,0.06021299561991711,5834.859639999998,5493.893567498036,340.9660725019621,0.3734576439588544,0.06021299561991711,340.9660725019621,0.003625604841524157,116257.86259741329,0.046457933985789464,0.00014353412595612654,0.05843603677533574,5.843603677533574
2016,640402,8.608194703866854,8.628300461077323,-0.020105757210469477,5476.353309000001,5587.573879282271,-111.22057028227027,-0.1247014642026378,0.020105757210469477,111.22057028227027,0.00040424147300634536,12370.015253913421,0.04654277573747801,1.603560105135297e-05,-0.020309239380061017,-2.0309239380061017
2017,640402,8.329270609646338,8.614701944119386,-0.28543133447304747,4143.3942979999965,5512.105453428245,-1368.7111554282483,-1.7703240402986413,0.28543133447304747,1368.7111554282483,0.0814710466990647,1873370.2269937305,0.05042366721348637,0.0035299819327190857,-0.33033572404367134,-33.033572404367135
2018,640402,8.58557048888971,8.6785503290304,-0.09297984014069094,5353.846153999999,5875.5228396194,-521.6766856194008,-0.5766866716580934,0.09297984014069094,521.6766856194008,0.008645250672588442,272146.5643188431,0.05417422132940304,0.00040564160933088234,-0.0974396108169157,-9.74396108169157
2019,640402,8.570247412511886,8.636042060504012,-0.06579464799212609,5272.434095,5630.998509189533,-358.56441418953364,-0.40807659494878,0.06579464799212609,358.56441418953364,0.004328935704407781,128568.43912308343,0.04821629233218449,0.0001785224903304109,-0.06800737718648216,-6.800737718648215
2020,640402,8.566325370044437,8.602506205869647,-0.03618083582520981,5251.795882999999,5445.289521083502,-193.49363808350336,-0.22440354552424063,0.03618083582520981,193.49363808350336,0.0013090528810107858,37439.787978789784,0.05217101687868211,5.8900779943835524e-05,-0.036843327957554475,-3.6843327957554477
2021,640402,8.411602287443284,8.622136480633714,-0.21053419319042987,4498.963372000001,5553.238114369429,-1054.2747423694282,-1.305791265692628,0.21053419319042987,1054.2747423694282,0.04432464650234525,1111495.2323981242,0.05361931775094063,0.0020560295542959212,-0.2343372584295465,-23.43372584295465
2022,640402,8.509905252588007,8.64063531405769,-0.13073006146968247,4963.692768999996,5656.922605497548,-693.2298364975522,-0.8108239799136411,0.13073006146968247,693.2298364975522,0.017090348971866957,480567.606210423,0.048989633357421736,0.0007172641754504809,-0.13966010161366474,-13.966010161366475
2001,640522,8.311951504248796,8.753216435979917,-0.441264931731121,4072.252252,6331.01871089164,-2258.7664588916396,-2.7368470887281204,0.441264931731121,2258.7664588916396,0.1947147399756709,5102025.915813877,0.05238899967896753,0.00880183595615682,-0.5546725298714721,-55.467252987147205
2002,640522,8.647555009341703,8.782044924688286,-0.13448991534658283,5696.202531999999,6516.1886732922385,-819.9861412922392,-0.834143633022418,0.13448991534658283,819.9861412922392,0.018087537329931017,672377.271911336,0.053154569912170734,0.000830914612144162,-0.14395312257345824,-14.395312257345823
2003,640522,9.074754096496711,8.766707197194549,0.30804689930216256,8732.038236000004,6417.007696836979,2315.0305391630245,1.9105920251568191,0.30804689930216256,2315.0305391630245,0.09489289216967668,5359366.3972574435,0.05123628457639887,0.004184944477044501,0.26511914819826765,26.511914819826764
2005,640522,9.101725219729898,8.79897011488421,0.3027551048456889,8970.755885999995,6627.415014263518,2343.3408717364773,1.8777708530878534,0.3027551048456889,2343.3408717364773,0.09166065351012408,5491246.441150674,0.05312837076143594,0.0042084460221505,0.26122000213979274,26.122000213979273
2006,640522,9.12106720390081,8.784571950836455,0.33649525306435457,9145.957010999999,6532.676075730734,2613.280935269265,2.087036579378964,0.33649525306435457,2613.280935269265,0.11322905533484402,6829237.2466418035,0.051817145077994134,0.005056403128920176,0.285730725841618,28.573072584161803
2007,640522,9.117297000230069,8.794081517843754,0.32321548238631514,9111.539810999997,6595.095316194762,2516.444494805235,2.0046717706084465,0.32321548238631514,2516.444494805235,0.1044682480542184,6332492.895435574,0.04855212132795365,0.004341272420729322,0.2761821324390453,27.61821324390453
2008,640522,9.087557444227805,8.787276111282834,0.30028133294497117,8844.556325000005,6550.365386571684,2294.190938428321,1.8624278359165225,0.30028133294497117,2294.190938428321,0.09016887891520863,5263312.061966619,0.04944737958743578,0.003823333191064019,0.25939016657552005,25.939016657552006
2009,640522,8.910812524821297,8.804775140471774,0.10603738434952348,7411.680826999997,6665.999210772904,745.6816162270934,0.6576731704348818,0.10603738434952348,745.6816162270934,0.011243926879688566,556041.0727790502,0.04938399008664934,0.00047608934637511,0.10060897570098422,10.060897570098422
2010,640522,9.053172430606658,8.800126803253656,0.25304562735300173,8545.605307000005,6635.085303341905,1910.5200036581,1.569458932119351,0.25304562735300173,1910.5200036581,0.06403208952247422,3650086.684377746,0.04867872042590568,0.002668559726799186,0.2235675455421661,22.35675455421661
2011,640522,9.028741957891501,8.782874296369569,0.24586766152193285,8339.361701999998,6521.595257371712,1817.766444628286,1.5249392037768297,0.24586766152193285,1817.766444628286,0.060450906982263734,3304274.84721656,0.049896451424030076,0.0025889587054053116,0.21797428982992043,21.79742898299204
2012,640522,9.074773478152554,8.831235949156435,0.2435375289961197,8732.207479,6844.741342152131,1887.4661368478692,1.5104870777159527,0.2435375289961197,1887.4661368478692,0.05931052802953584,3562528.4177474193,0.04852313571588481,0.002463081067505686,0.21614994162553028,21.614994162553028
2013,640522,9.018665114561442,8.848755499204177,0.16990961535726434,8255.749243000006,6965.714736147218,1290.0345068527877,1.0538264038185463,0.16990961535726434,1290.0345068527877,0.02886927739085352,1664189.028870915,0.04985823298477998,0.0012353513646463127,0.15625892561436497,15.625892561436498
2014,640522,8.881816305220818,8.834233724992664,0.04758258022815376,7199.8560029999935,6865.291128790295,334.56487420969825,0.29512031617990997,0.04758258022815376,334.56487420969825,0.002264101941168689,111933.65505495122,0.04836920003113731,9.369629640134705e-05,0.04646827298633385,4.646827298633386
2015,640522,8.783396232190894,8.82356422964224,-0.04016799745134669,6524.999999999998,6792.431316908504,-267.43131690850623,-0.24913302413014635,0.04016799745134669,267.43131690850623,0.0016134680192513944,71519.50926341789,0.04834256067977156,6.67303251548888e-05,-0.04098564243808526,-4.098564243808526
2016,640522,8.681879043999446,8.847812515496242,-0.16593347149679616,5895.113368,6959.149276684075,-1064.0359086840745,-1.0291652604410404,0.16593347149679616,1064.0359086840745,0.027533916962978064,1132172.414969144,0.04863970252916041,0.0011464718194680434,-0.18049456257447064,-18.049456257447062
2017,640522,8.377473585174892,8.843971413084828,-0.46649782790993655,4348.010160999999,6932.469743827636,-2584.459582827637,-2.893348486145421,0.46649782790993655,2584.459582827637,0.21762022344468876,6679431.335269603,0.048515964732615394,0.009035983605615016,-0.5944005388969094,-59.44005388969094
2018,640522,8.594470738385036,8.883754668156515,-0.28928392977147865,5401.709402000001,7213.82547159474,-1812.1160695947383,-1.7942189013409502,0.28928392977147865,1812.1160695947383,0.0836851920240298,3283764.6496834825,0.052686432019608875,0.0038067504941873293,-0.33547085463794035,-33.54708546379403
2019,640522,8.59246931220431,8.860848229301913,-0.2683789170976034,5390.909091000001,7050.460616190641,-1659.55152519064,-1.6645602338101653,0.2683789170976034,1659.55152519064,0.0720272431424823,2754111.2647625795,0.05049070632067142,0.003125390738933943,-0.3078426100638987,-30.78426100638987
2020,640522,8.602812953876043,8.820050586838153,-0.21723763296211018,5446.960109000003,6768.607019036585,-1321.646910036582,-1.34736785223807,0.21723763296211018,1321.646910036582,0.0471921891749805,1746750.5548092453,0.0537389923531499,0.0021944832784988127,-0.24263935912672227,-24.263935912672228
2021,640522,8.485993630349808,8.845141609461738,-0.3591479791119294,4846.4106139999985,6940.586843178756,-2094.1762291787572,-2.22753504838678,0.3591479791119294,2094.1762291787572,0.1289872709001829,4385574.078857359,0.05295272906059728,0.005900467329154914,-0.4321087080672108,-43.21087080672108
2022,640522,8.594295437212148,8.84866730468052,-0.2543718674683717,5400.762559,6965.100425343952,-1564.3378663439526,-1.5776846399372488,0.2543718674683717,1564.3378663439526,0.06470504695934685,2447152.96007755,0.051304313733883875,0.002857805778087645,-0.2896512944708319,-28.96512944708319
